V
0.090257, 0.233756, -0.875429, 
-0.076543, 0.233756, -0.875429, 
0.090257, 0.233756, 0.867326, 
0.090257, 0.233756, 0.867326, 
-0.076543, 0.233756, -0.875429, 
-0.076543, 0.233756, 0.867326, 
0.090257, 0.233756, -0.875429, 
0.007194, 0.155, -0.875429, 
-0.076543, 0.233756, -0.875429, 
0.090257, 0.233756, -0.875429, 
0.014958, 0.153978, -0.875429, 
0.007194, 0.155, -0.875429, 
0.090257, 0.233756, -0.875429, 
0.022194, 0.150981, -0.875429, 
0.014958, 0.153978, -0.875429, 
0.090257, 0.233756, -0.875429, 
0.028407, 0.146213, -0.875429, 
0.022194, 0.150981, -0.875429, 
0.090257, 0.233756, -0.875429, 
0.033175, 0.14, -0.875429, 
0.028407, 0.146213, -0.875429, 
0.090257, 0.233756, -0.875429, 
0.036172, 0.132764, -0.875429, 
0.033175, 0.14, -0.875429, 
0.090257, 0.233756, -0.875429, 
0.037194, 0.125, -0.875429, 
0.036172, 0.132764, -0.875429, 
0.090257, 0.233756, -0.875429, 
0.036172, 0.117235, -0.875429, 
0.037194, 0.125, -0.875429, 
0.090257, 0.233756, -0.875429, 
0.033175, 0.11, -0.875429, 
0.036172, 0.117235, -0.875429, 
0.090257, 0.233756, -0.875429, 
0.011147, -0.059863, -0.875429, 
0.033175, 0.11, -0.875429, 
0.090257, 0.233756, -0.875429, 
0.021249, -0.062234, -0.875429, 
0.011147, -0.059863, -0.875429, 
0.090257, 0.233756, -0.875429, 
0.030394, -0.067139, -0.875429, 
0.021249, -0.062234, -0.875429, 
0.090257, 0.233756, -0.875429, 
0.037957, -0.074243, -0.875429, 
0.030394, -0.067139, -0.875429, 
0.090257, 0.233756, -0.875429, 
0.043424, -0.083063, -0.875429, 
0.037957, -0.074243, -0.875429, 
0.090257, 0.233756, -0.875429, 
0.046422, -0.092997, -0.875429, 
0.043424, -0.083063, -0.875429, 
0.090257, 0.233756, -0.875429, 
0.046747, -0.103369, -0.875429, 
0.046422, -0.092997, -0.875429, 
0.090257, -0.206244, -0.875429, 
0.046747, -0.103369, -0.875429, 
0.090257, 0.233756, -0.875429, 
0.046747, -0.103369, -0.875429, 
0.090257, -0.206244, -0.875429, 
0.044376, -0.113472, -0.875429, 
0.044376, -0.113472, -0.875429, 
0.090257, -0.206244, -0.875429, 
0.039472, -0.122616, -0.875429, 
0.039472, -0.122616, -0.875429, 
0.090257, -0.206244, -0.875429, 
0.032367, -0.13018, -0.875429, 
0.032367, -0.13018, -0.875429, 
0.090257, -0.206244, -0.875429, 
0.023547, -0.135647, -0.875429, 
0.023547, -0.135647, -0.875429, 
0.090257, -0.206244, -0.875429, 
0.013613, -0.138645, -0.875429, 
0.013613, -0.138645, -0.875429, 
0.090257, -0.206244, -0.875429, 
0.003241, -0.13897, -0.875429, 
0.090257, -0.206244, -0.875429, 
-0.006861, -0.136599, -0.875429, 
0.003241, -0.13897, -0.875429, 
0.090257, -0.206244, -0.875429, 
-0.016006, -0.131694, -0.875429, 
-0.006861, -0.136599, -0.875429, 
-0.076543, -0.206244, -0.875429, 
-0.016006, -0.131694, -0.875429, 
0.090257, -0.206244, -0.875429, 
-0.016006, -0.131694, -0.875429, 
-0.076543, -0.206244, -0.875429, 
-0.023569, -0.12459, -0.875429, 
-0.023569, -0.12459, -0.875429, 
-0.076543, -0.206244, -0.875429, 
-0.029036, -0.11577, -0.875429, 
-0.029036, -0.11577, -0.875429, 
-0.076543, -0.206244, -0.875429, 
-0.032035, -0.105836, -0.875429, 
-0.032035, -0.105836, -0.875429, 
-0.076543, -0.206244, -0.875429, 
-0.076543, 0.233756, -0.875429, 
-0.076543, 0.233756, -0.875429, 
-0.076543, -0.206244, -0.875429, 
-0.076543, 0.233756, 0.867326, 
-0.076543, 0.233756, 0.867326, 
-0.076543, -0.206244, -0.875429, 
-0.076543, -0.206244, 0.867326, 
-0.076543, -0.206244, -0.875429, 
-0.035144, -0.206244, -0.436131, 
-0.076543, -0.206244, 0.867326, 
-0.035144, -0.206244, -0.436131, 
-0.076543, -0.206244, -0.875429, 
-0.026128, -0.206244, -0.516155, 
-0.026128, -0.206244, -0.516155, 
-0.076543, -0.206244, -0.875429, 
0.090257, -0.206244, -0.875429, 
-0.026128, -0.206244, -0.516155, 
0.090257, -0.206244, -0.875429, 
0.033872, -0.206244, -0.516155, 
0.033872, -0.206244, -0.516155, 
0.090257, -0.206244, -0.875429, 
0.033872, -0.206244, 0.563845, 
0.090257, -0.206244, 0.867326, 
0.033872, -0.206244, 0.563845, 
0.090257, -0.206244, -0.875429, 
0.090257, -0.206244, 0.867326, 
-0.026128, -0.206244, 0.563845, 
0.033872, -0.206244, 0.563845, 
-0.076543, -0.206244, 0.867326, 
-0.026128, -0.206244, 0.563845, 
0.090257, -0.206244, 0.867326, 
-0.026128, -0.206244, 0.563845, 
-0.076543, -0.206244, 0.867326, 
-0.035144, -0.206244, 0.413869, 
-0.035144, -0.206244, 0.413869, 
-0.076543, -0.206244, 0.867326, 
-0.035144, -0.206244, -0.436131, 
-0.006128, -0.206244, 0.413869, 
-0.035144, -0.206244, 0.413869, 
-0.006128, -0.206244, 0.373869, 
-0.035144, -0.206244, 0.413869, 
-0.035144, -0.206244, -0.436131, 
-0.006128, -0.206244, 0.373869, 
-0.006128, -0.206244, -0.436131, 
-0.006128, -0.206244, -0.406131, 
-0.035144, -0.206244, -0.436131, 
-0.006128, -0.206244, 0.373869, 
-0.035144, -0.206244, -0.436131, 
-0.006128, -0.206244, -0.406131, 
-0.026128, -0.206244, -0.516155, 
0.033872, -0.206244, -0.516155, 
-0.006128, -0.206244, -0.436131, 
-0.026128, -0.206244, 0.563845, 
-0.006128, -0.206244, 0.413869, 
0.033872, -0.206244, 0.563845, 
-0.006128, -0.206244, 0.373869, 
0.024856, -0.206244, 0.373869, 
-0.006128, -0.206244, 0.413869, 
-0.006128, -0.206244, -0.406131, 
-0.006128, -0.206244, -0.436131, 
0.024856, -0.206244, -0.406131, 
-0.006128, -0.206244, -0.436131, 
0.033872, -0.206244, -0.516155, 
0.024856, -0.206244, -0.406131, 
0.033872, -0.206244, -0.516155, 
0.033872, -0.206244, 0.563845, 
0.024856, -0.206244, -0.406131, 
0.024856, -0.206244, -0.406131, 
0.033872, -0.206244, 0.563845, 
0.024856, -0.206244, 0.373869, 
-0.006128, -0.206244, 0.413869, 
0.024856, -0.206244, 0.373869, 
0.033872, -0.206244, 0.563845, 
-0.006128, -0.206244, 0.413869, 
-0.026128, -0.206244, 0.563845, 
-0.035144, -0.206244, 0.413869, 
0.024856, -0.206244, 0.373869, 
-0.006128, -0.206244, 0.373869, 
0.024856, -0.106244, 0.373869, 
0.024856, -0.106244, 0.373869, 
-0.006128, -0.206244, 0.373869, 
-0.006128, -0.106244, 0.373869, 
-0.006128, -0.106244, 0.373869, 
-0.006128, -0.206244, 0.373869, 
-0.006128, -0.106244, -0.406131, 
-0.006128, -0.106244, -0.406131, 
-0.006128, -0.206244, 0.373869, 
-0.006128, -0.206244, -0.406131, 
-0.006128, -0.206244, -0.406131, 
0.024856, -0.206244, -0.406131, 
-0.006128, -0.106244, -0.406131, 
-0.006128, -0.106244, -0.406131, 
0.024856, -0.206244, -0.406131, 
0.024856, -0.106244, -0.406131, 
0.024856, -0.206244, -0.406131, 
0.024856, -0.206244, 0.373869, 
0.024856, -0.106244, -0.406131, 
0.024856, -0.106244, -0.406131, 
0.024856, -0.206244, 0.373869, 
0.024856, -0.106244, 0.373869, 
-0.006128, -0.106244, 0.373869, 
-0.006128, -0.106244, -0.406131, 
0.024856, -0.106244, 0.373869, 
0.024856, -0.106244, 0.373869, 
-0.006128, -0.106244, -0.406131, 
0.024856, -0.106244, -0.406131, 
-0.006128, -0.206244, -0.436131, 
-0.035144, -0.206244, -0.436131, 
-0.026128, -0.206244, -0.516155, 
0.090257, -0.206244, 0.867326, 
0.031041, -0.131046, 0.867326, 
-0.076543, -0.206244, 0.867326, 
0.031041, -0.131046, 0.867326, 
0.090257, -0.206244, 0.867326, 
0.038345, -0.123583, 0.867326, 
0.038345, -0.123583, 0.867326, 
0.090257, -0.206244, 0.867326, 
0.043468, -0.114485, 0.867326, 
0.043468, -0.114485, 0.867326, 
0.090257, -0.206244, 0.867326, 
0.046063, -0.10437, 0.867326, 
0.046063, -0.10437, 0.867326, 
0.090257, -0.206244, 0.867326, 
0.090257, 0.233756, 0.867326, 
0.090257, -0.206244, -0.875429, 
0.090257, 0.233756, -0.875429, 
0.090257, -0.206244, 0.867326, 
0.090257, -0.206244, 0.867326, 
0.090257, 0.233756, -0.875429, 
0.090257, 0.233756, 0.867326, 
0.046063, -0.10437, 0.867326, 
0.090257, 0.233756, 0.867326, 
0.045951, -0.093929, 0.867326, 
0.045951, -0.093929, 0.867326, 
0.090257, 0.233756, 0.867326, 
0.04314, -0.083872, 0.867326, 
0.04314, -0.083872, 0.867326, 
0.090257, 0.233756, 0.867326, 
0.037822, -0.074885, 0.867326, 
0.037822, -0.074885, 0.867326, 
0.090257, 0.233756, 0.867326, 
0.03036, -0.067581, 0.867326, 
0.03036, -0.067581, 0.867326, 
0.090257, 0.233756, 0.867326, 
0.021261, -0.062458, 0.867326, 
0.021261, -0.062458, 0.867326, 
0.090257, 0.233756, 0.867326, 
0.011147, -0.059863, 0.867326, 
0.011147, -0.059863, 0.867326, 
0.090257, 0.233756, 0.867326, 
0.033078, 0.111734, 0.867326, 
0.033078, 0.111734, 0.867326, 
0.090257, 0.233756, 0.867326, 
0.036075, 0.118969, 0.867326, 
0.036075, 0.118969, 0.867326, 
0.090257, 0.233756, 0.867326, 
0.037097, 0.126734, 0.867326, 
0.037097, 0.126734, 0.867326, 
0.090257, 0.233756, 0.867326, 
0.036075, 0.134498, 0.867326, 
0.036075, 0.134498, 0.867326, 
0.090257, 0.233756, 0.867326, 
0.033078, 0.141734, 0.867326, 
0.033078, 0.141734, 0.867326, 
0.090257, 0.233756, 0.867326, 
0.02831, 0.147947, 0.867326, 
0.02831, 0.147947, 0.867326, 
0.090257, 0.233756, 0.867326, 
0.022097, 0.152714, 0.867326, 
0.022097, 0.152714, 0.867326, 
0.090257, 0.233756, 0.867326, 
0.014862, 0.155711, 0.867326, 
0.014862, 0.155711, 0.867326, 
0.090257, 0.233756, 0.867326, 
0.007097, 0.156734, 0.867326, 
-0.076543, 0.233756, 0.867326, 
0.007097, 0.156734, 0.867326, 
0.090257, 0.233756, 0.867326, 
-0.076543, 0.233756, 0.867326, 
-0.000667, 0.155711, 0.867326, 
0.007097, 0.156734, 0.867326, 
-0.076543, 0.233756, 0.867326, 
-0.007903, 0.152714, 0.867326, 
-0.000667, 0.155711, 0.867326, 
-0.076543, 0.233756, 0.867326, 
-0.014116, 0.147947, 0.867326, 
-0.007903, 0.152714, 0.867326, 
-0.076543, 0.233756, 0.867326, 
-0.018884, 0.141734, 0.867326, 
-0.014116, 0.147947, 0.867326, 
-0.076543, 0.233756, 0.867326, 
-0.021881, 0.134498, 0.867326, 
-0.018884, 0.141734, 0.867326, 
-0.076543, 0.233756, 0.867326, 
-0.022903, 0.126734, 0.867326, 
-0.021881, 0.134498, 0.867326, 
-0.076543, 0.233756, 0.867326, 
-0.021881, 0.118969, 0.867326, 
-0.022903, 0.126734, 0.867326, 
-0.076543, 0.233756, 0.867326, 
-0.018884, 0.111734, 0.867326, 
-0.021881, 0.118969, 0.867326, 
-0.076543, 0.233756, 0.867326, 
0.011147, -0.059863, 0.867326, 
-0.018884, 0.111734, 0.867326, 
-0.076543, 0.233756, 0.867326, 
0.000705, -0.059975, 0.867326, 
0.011147, -0.059863, 0.867326, 
-0.076543, 0.233756, 0.867326, 
-0.009352, -0.062786, 0.867326, 
0.000705, -0.059975, 0.867326, 
-0.076543, 0.233756, 0.867326, 
-0.018338, -0.068104, 0.867326, 
-0.009352, -0.062786, 0.867326, 
-0.076543, 0.233756, 0.867326, 
-0.025642, -0.075566, 0.867326, 
-0.018338, -0.068104, 0.867326, 
-0.076543, 0.233756, 0.867326, 
-0.030766, -0.084665, 0.867326, 
-0.025642, -0.075566, 0.867326, 
-0.076543, 0.233756, 0.867326, 
-0.03336, -0.094779, 0.867326, 
-0.030766, -0.084665, 0.867326, 
-0.076543, 0.233756, 0.867326, 
-0.033248, -0.105221, 0.867326, 
-0.03336, -0.094779, 0.867326, 
-0.076543, -0.206244, 0.867326, 
-0.033248, -0.105221, 0.867326, 
-0.076543, 0.233756, 0.867326, 
-0.033248, -0.105221, 0.867326, 
-0.076543, -0.206244, 0.867326, 
-0.030438, -0.115278, 0.867326, 
-0.030438, -0.115278, 0.867326, 
-0.076543, -0.206244, 0.867326, 
-0.02512, -0.124264, 0.867326, 
-0.02512, -0.124264, 0.867326, 
-0.076543, -0.206244, 0.867326, 
-0.017657, -0.131568, 0.867326, 
-0.017657, -0.131568, 0.867326, 
-0.076543, -0.206244, 0.867326, 
-0.008559, -0.136692, 0.867326, 
-0.008559, -0.136692, 0.867326, 
-0.076543, -0.206244, 0.867326, 
0.001556, -0.139286, 0.867326, 
-0.076543, -0.206244, 0.867326, 
0.011997, -0.139174, 0.867326, 
0.001556, -0.139286, 0.867326, 
-0.076543, -0.206244, 0.867326, 
0.022054, -0.136364, 0.867326, 
0.011997, -0.139174, 0.867326, 
-0.076543, -0.206244, 0.867326, 
0.031041, -0.131046, 0.867326, 
0.022054, -0.136364, 0.867326, 
0.022054, -0.136364, 0.867326, 
0.031041, -0.131046, 0.867326, 
0.022054, -0.136364, 0.617326, 
0.022054, -0.136364, 0.617326, 
0.031041, -0.131046, 0.867326, 
0.031041, -0.131046, 0.617326, 
0.031041, -0.131046, 0.867326, 
0.038345, -0.123583, 0.867326, 
0.031041, -0.131046, 0.617326, 
0.031041, -0.131046, 0.617326, 
0.038345, -0.123583, 0.867326, 
0.038345, -0.123583, 0.617326, 
0.038345, -0.123583, 0.867326, 
0.043468, -0.114485, 0.867326, 
0.038345, -0.123583, 0.617326, 
0.038345, -0.123583, 0.617326, 
0.043468, -0.114485, 0.867326, 
0.043468, -0.114485, 0.617326, 
0.043468, -0.114485, 0.867326, 
0.046063, -0.10437, 0.867326, 
0.043468, -0.114485, 0.617326, 
0.043468, -0.114485, 0.617326, 
0.046063, -0.10437, 0.867326, 
0.046063, -0.10437, 0.617326, 
0.046063, -0.10437, 0.867326, 
0.045951, -0.093929, 0.867326, 
0.046063, -0.10437, 0.617326, 
0.046063, -0.10437, 0.617326, 
0.045951, -0.093929, 0.867326, 
0.045951, -0.093929, 0.617326, 
0.045951, -0.093929, 0.867326, 
0.04314, -0.083872, 0.867326, 
0.045951, -0.093929, 0.617326, 
0.045951, -0.093929, 0.617326, 
0.04314, -0.083872, 0.867326, 
0.04314, -0.083872, 0.617326, 
0.04314, -0.083872, 0.867326, 
0.037822, -0.074885, 0.867326, 
0.04314, -0.083872, 0.617326, 
0.04314, -0.083872, 0.617326, 
0.037822, -0.074885, 0.867326, 
0.037822, -0.074885, 0.617326, 
0.037822, -0.074885, 0.867326, 
0.03036, -0.067581, 0.867326, 
0.037822, -0.074885, 0.617326, 
0.037822, -0.074885, 0.617326, 
0.03036, -0.067581, 0.867326, 
0.03036, -0.067581, 0.617326, 
0.03036, -0.067581, 0.867326, 
0.021261, -0.062458, 0.867326, 
0.03036, -0.067581, 0.617326, 
0.03036, -0.067581, 0.617326, 
0.021261, -0.062458, 0.867326, 
0.021261, -0.062458, 0.617326, 
0.021261, -0.062458, 0.867326, 
0.011147, -0.059863, 0.867326, 
0.021261, -0.062458, 0.617326, 
0.021261, -0.062458, 0.617326, 
0.011147, -0.059863, 0.867326, 
0.011147, -0.059863, 0.617326, 
0.011147, -0.059863, 0.867326, 
0.000705, -0.059975, 0.867326, 
0.011147, -0.059863, 0.617326, 
0.011147, -0.059863, 0.617326, 
0.000705, -0.059975, 0.867326, 
0.000705, -0.059975, 0.617326, 
0.000705, -0.059975, 0.867326, 
-0.009352, -0.062786, 0.867326, 
0.000705, -0.059975, 0.617326, 
0.000705, -0.059975, 0.617326, 
-0.009352, -0.062786, 0.867326, 
-0.009352, -0.062786, 0.617326, 
-0.009352, -0.062786, 0.867326, 
-0.018338, -0.068104, 0.867326, 
-0.009352, -0.062786, 0.617326, 
-0.009352, -0.062786, 0.617326, 
-0.018338, -0.068104, 0.867326, 
-0.018338, -0.068104, 0.617326, 
-0.018338, -0.068104, 0.867326, 
-0.025642, -0.075566, 0.867326, 
-0.018338, -0.068104, 0.617326, 
-0.018338, -0.068104, 0.617326, 
-0.025642, -0.075566, 0.867326, 
-0.025642, -0.075566, 0.617326, 
-0.025642, -0.075566, 0.867326, 
-0.030766, -0.084665, 0.867326, 
-0.025642, -0.075566, 0.617326, 
-0.025642, -0.075566, 0.617326, 
-0.030766, -0.084665, 0.867326, 
-0.030766, -0.084665, 0.617326, 
-0.030766, -0.084665, 0.867326, 
-0.03336, -0.094779, 0.867326, 
-0.030766, -0.084665, 0.617326, 
-0.030766, -0.084665, 0.617326, 
-0.03336, -0.094779, 0.867326, 
-0.03336, -0.094779, 0.617326, 
-0.03336, -0.094779, 0.867326, 
-0.033248, -0.105221, 0.867326, 
-0.03336, -0.094779, 0.617326, 
-0.03336, -0.094779, 0.617326, 
-0.033248, -0.105221, 0.867326, 
-0.033248, -0.105221, 0.617326, 
-0.033248, -0.105221, 0.867326, 
-0.030438, -0.115278, 0.867326, 
-0.033248, -0.105221, 0.617326, 
-0.033248, -0.105221, 0.617326, 
-0.030438, -0.115278, 0.867326, 
-0.030438, -0.115278, 0.617326, 
-0.030438, -0.115278, 0.867326, 
-0.02512, -0.124264, 0.867326, 
-0.030438, -0.115278, 0.617326, 
-0.030438, -0.115278, 0.617326, 
-0.02512, -0.124264, 0.867326, 
-0.02512, -0.124264, 0.617326, 
-0.02512, -0.124264, 0.867326, 
-0.017657, -0.131568, 0.867326, 
-0.02512, -0.124264, 0.617326, 
-0.02512, -0.124264, 0.617326, 
-0.017657, -0.131568, 0.867326, 
-0.017657, -0.131568, 0.617326, 
-0.017657, -0.131568, 0.867326, 
-0.008559, -0.136692, 0.867326, 
-0.017657, -0.131568, 0.617326, 
-0.017657, -0.131568, 0.617326, 
-0.008559, -0.136692, 0.867326, 
-0.008559, -0.136692, 0.617326, 
-0.008559, -0.136692, 0.867326, 
0.001556, -0.139286, 0.867326, 
-0.008559, -0.136692, 0.617326, 
-0.008559, -0.136692, 0.617326, 
0.001556, -0.139286, 0.867326, 
0.001556, -0.139286, 0.617326, 
0.001556, -0.139286, 0.867326, 
0.011997, -0.139174, 0.867326, 
0.001556, -0.139286, 0.617326, 
0.001556, -0.139286, 0.617326, 
0.011997, -0.139174, 0.867326, 
0.011997, -0.139174, 0.617326, 
0.011997, -0.139174, 0.867326, 
0.022054, -0.136364, 0.867326, 
0.011997, -0.139174, 0.617326, 
0.011997, -0.139174, 0.617326, 
0.022054, -0.136364, 0.867326, 
0.022054, -0.136364, 0.617326, 
0.04314, -0.083872, 0.617326, 
0.037822, -0.074885, 0.617326, 
0.045951, -0.093929, 0.617326, 
0.037822, -0.074885, 0.617326, 
0.03036, -0.067581, 0.617326, 
0.045951, -0.093929, 0.617326, 
0.03036, -0.067581, 0.617326, 
0.021261, -0.062458, 0.617326, 
0.045951, -0.093929, 0.617326, 
0.021261, -0.062458, 0.617326, 
0.011147, -0.059863, 0.617326, 
0.045951, -0.093929, 0.617326, 
0.011147, -0.059863, 0.617326, 
0.000705, -0.059975, 0.617326, 
0.045951, -0.093929, 0.617326, 
0.000705, -0.059975, 0.617326, 
-0.009352, -0.062786, 0.617326, 
0.045951, -0.093929, 0.617326, 
-0.009352, -0.062786, 0.617326, 
-0.018338, -0.068104, 0.617326, 
0.045951, -0.093929, 0.617326, 
-0.018338, -0.068104, 0.617326, 
-0.025642, -0.075566, 0.617326, 
0.045951, -0.093929, 0.617326, 
-0.025642, -0.075566, 0.617326, 
-0.030766, -0.084665, 0.617326, 
0.045951, -0.093929, 0.617326, 
-0.030766, -0.084665, 0.617326, 
-0.03336, -0.094779, 0.617326, 
0.045951, -0.093929, 0.617326, 
-0.03336, -0.094779, 0.617326, 
-0.033248, -0.105221, 0.617326, 
0.045951, -0.093929, 0.617326, 
-0.033248, -0.105221, 0.617326, 
-0.030438, -0.115278, 0.617326, 
0.045951, -0.093929, 0.617326, 
-0.030438, -0.115278, 0.617326, 
-0.02512, -0.124264, 0.617326, 
0.045951, -0.093929, 0.617326, 
-0.02512, -0.124264, 0.617326, 
-0.017657, -0.131568, 0.617326, 
0.045951, -0.093929, 0.617326, 
-0.017657, -0.131568, 0.617326, 
-0.008559, -0.136692, 0.617326, 
0.045951, -0.093929, 0.617326, 
-0.008559, -0.136692, 0.617326, 
0.001556, -0.139286, 0.617326, 
0.045951, -0.093929, 0.617326, 
0.001556, -0.139286, 0.617326, 
0.011997, -0.139174, 0.617326, 
0.045951, -0.093929, 0.617326, 
0.011997, -0.139174, 0.617326, 
0.022054, -0.136364, 0.617326, 
0.045951, -0.093929, 0.617326, 
0.022054, -0.136364, 0.617326, 
0.031041, -0.131046, 0.617326, 
0.045951, -0.093929, 0.617326, 
0.031041, -0.131046, 0.617326, 
0.038345, -0.123583, 0.617326, 
0.045951, -0.093929, 0.617326, 
0.038345, -0.123583, 0.617326, 
0.043468, -0.114485, 0.617326, 
0.045951, -0.093929, 0.617326, 
0.043468, -0.114485, 0.617326, 
0.046063, -0.10437, 0.617326, 
0.045951, -0.093929, 0.617326, 
-0.018884, 0.111734, 0.867326, 
0.011147, -0.059863, 0.867326, 
-0.014116, 0.10552, 0.867326, 
-0.014116, 0.10552, 0.867326, 
0.011147, -0.059863, 0.867326, 
-0.007903, 0.100753, 0.867326, 
-0.007903, 0.100753, 0.867326, 
0.011147, -0.059863, 0.867326, 
-0.000667, 0.097756, 0.867326, 
-0.000667, 0.097756, 0.867326, 
0.011147, -0.059863, 0.867326, 
0.007097, 0.096734, 0.867326, 
0.011147, -0.059863, 0.867326, 
0.014862, 0.097756, 0.867326, 
0.007097, 0.096734, 0.867326, 
0.011147, -0.059863, 0.867326, 
0.022097, 0.100753, 0.867326, 
0.014862, 0.097756, 0.867326, 
0.011147, -0.059863, 0.867326, 
0.02831, 0.10552, 0.867326, 
0.022097, 0.100753, 0.867326, 
0.011147, -0.059863, 0.867326, 
0.033078, 0.111734, 0.867326, 
0.02831, 0.10552, 0.867326, 
0.02831, 0.10552, 0.867326, 
0.033078, 0.111734, 0.867326, 
0.02831, 0.10552, 0.447326, 
0.02831, 0.10552, 0.447326, 
0.033078, 0.111734, 0.867326, 
0.033078, 0.111734, 0.447326, 
0.033078, 0.111734, 0.867326, 
0.036075, 0.118969, 0.867326, 
0.033078, 0.111734, 0.447326, 
0.033078, 0.111734, 0.447326, 
0.036075, 0.118969, 0.867326, 
0.036075, 0.118969, 0.447326, 
0.036075, 0.118969, 0.867326, 
0.037097, 0.126734, 0.867326, 
0.036075, 0.118969, 0.447326, 
0.036075, 0.118969, 0.447326, 
0.037097, 0.126734, 0.867326, 
0.037097, 0.126734, 0.447326, 
0.037097, 0.126734, 0.867326, 
0.036075, 0.134498, 0.867326, 
0.037097, 0.126734, 0.447326, 
0.037097, 0.126734, 0.447326, 
0.036075, 0.134498, 0.867326, 
0.036075, 0.134498, 0.447326, 
0.036075, 0.134498, 0.867326, 
0.033078, 0.141734, 0.867326, 
0.036075, 0.134498, 0.447326, 
0.036075, 0.134498, 0.447326, 
0.033078, 0.141734, 0.867326, 
0.033078, 0.141734, 0.447326, 
0.033078, 0.141734, 0.867326, 
0.02831, 0.147947, 0.867326, 
0.033078, 0.141734, 0.447326, 
0.033078, 0.141734, 0.447326, 
0.02831, 0.147947, 0.867326, 
0.02831, 0.147947, 0.447326, 
0.02831, 0.147947, 0.867326, 
0.022097, 0.152714, 0.867326, 
0.02831, 0.147947, 0.447326, 
0.02831, 0.147947, 0.447326, 
0.022097, 0.152714, 0.867326, 
0.022097, 0.152714, 0.447326, 
0.022097, 0.152714, 0.867326, 
0.014862, 0.155711, 0.867326, 
0.022097, 0.152714, 0.447326, 
0.022097, 0.152714, 0.447326, 
0.014862, 0.155711, 0.867326, 
0.014862, 0.155711, 0.447326, 
0.014862, 0.155711, 0.867326, 
0.007097, 0.156734, 0.867326, 
0.014862, 0.155711, 0.447326, 
0.014862, 0.155711, 0.447326, 
0.007097, 0.156734, 0.867326, 
0.007097, 0.156734, 0.447326, 
0.007097, 0.156734, 0.867326, 
-0.000667, 0.155711, 0.867326, 
0.007097, 0.156734, 0.447326, 
0.007097, 0.156734, 0.447326, 
-0.000667, 0.155711, 0.867326, 
-0.000667, 0.155711, 0.447326, 
-0.000667, 0.155711, 0.867326, 
-0.007903, 0.152714, 0.867326, 
-0.000667, 0.155711, 0.447326, 
-0.000667, 0.155711, 0.447326, 
-0.007903, 0.152714, 0.867326, 
-0.007903, 0.152714, 0.447326, 
-0.007903, 0.152714, 0.867326, 
-0.014116, 0.147947, 0.867326, 
-0.007903, 0.152714, 0.447326, 
-0.007903, 0.152714, 0.447326, 
-0.014116, 0.147947, 0.867326, 
-0.014116, 0.147947, 0.447326, 
-0.014116, 0.147947, 0.867326, 
-0.018884, 0.141734, 0.867326, 
-0.014116, 0.147947, 0.447326, 
-0.014116, 0.147947, 0.447326, 
-0.018884, 0.141734, 0.867326, 
-0.018884, 0.141734, 0.447326, 
-0.018884, 0.141734, 0.867326, 
-0.021881, 0.134498, 0.867326, 
-0.018884, 0.141734, 0.447326, 
-0.018884, 0.141734, 0.447326, 
-0.021881, 0.134498, 0.867326, 
-0.021881, 0.134498, 0.447326, 
-0.021881, 0.134498, 0.867326, 
-0.022903, 0.126734, 0.867326, 
-0.021881, 0.134498, 0.447326, 
-0.021881, 0.134498, 0.447326, 
-0.022903, 0.126734, 0.867326, 
-0.022903, 0.126734, 0.447326, 
-0.022903, 0.126734, 0.867326, 
-0.021881, 0.118969, 0.867326, 
-0.022903, 0.126734, 0.447326, 
-0.022903, 0.126734, 0.447326, 
-0.021881, 0.118969, 0.867326, 
-0.021881, 0.118969, 0.447326, 
-0.021881, 0.118969, 0.867326, 
-0.018884, 0.111734, 0.867326, 
-0.021881, 0.118969, 0.447326, 
-0.021881, 0.118969, 0.447326, 
-0.018884, 0.111734, 0.867326, 
-0.018884, 0.111734, 0.447326, 
-0.018884, 0.111734, 0.867326, 
-0.014116, 0.10552, 0.867326, 
-0.018884, 0.111734, 0.447326, 
-0.018884, 0.111734, 0.447326, 
-0.014116, 0.10552, 0.867326, 
-0.014116, 0.10552, 0.447326, 
-0.014116, 0.10552, 0.867326, 
-0.007903, 0.100753, 0.867326, 
-0.014116, 0.10552, 0.447326, 
-0.014116, 0.10552, 0.447326, 
-0.007903, 0.100753, 0.867326, 
-0.007903, 0.100753, 0.447326, 
-0.007903, 0.100753, 0.867326, 
-0.000667, 0.097756, 0.867326, 
-0.007903, 0.100753, 0.447326, 
-0.007903, 0.100753, 0.447326, 
-0.000667, 0.097756, 0.867326, 
-0.000667, 0.097756, 0.447326, 
-0.000667, 0.097756, 0.867326, 
0.007097, 0.096734, 0.867326, 
-0.000667, 0.097756, 0.447326, 
-0.000667, 0.097756, 0.447326, 
0.007097, 0.096734, 0.867326, 
0.007097, 0.096734, 0.447326, 
0.007097, 0.096734, 0.867326, 
0.014862, 0.097756, 0.867326, 
0.007097, 0.096734, 0.447326, 
0.007097, 0.096734, 0.447326, 
0.014862, 0.097756, 0.867326, 
0.014862, 0.097756, 0.447326, 
0.014862, 0.097756, 0.867326, 
0.022097, 0.100753, 0.867326, 
0.014862, 0.097756, 0.447326, 
0.014862, 0.097756, 0.447326, 
0.022097, 0.100753, 0.867326, 
0.022097, 0.100753, 0.447326, 
0.022097, 0.100753, 0.867326, 
0.02831, 0.10552, 0.867326, 
0.022097, 0.100753, 0.447326, 
0.022097, 0.100753, 0.447326, 
0.02831, 0.10552, 0.867326, 
0.02831, 0.10552, 0.447326, 
0.022097, 0.152714, 0.447326, 
0.014862, 0.155711, 0.447326, 
0.02831, 0.147947, 0.447326, 
0.014862, 0.155711, 0.447326, 
0.007097, 0.156734, 0.447326, 
0.02831, 0.147947, 0.447326, 
0.007097, 0.156734, 0.447326, 
-0.000667, 0.155711, 0.447326, 
0.02831, 0.147947, 0.447326, 
-0.000667, 0.155711, 0.447326, 
-0.007903, 0.152714, 0.447326, 
0.02831, 0.147947, 0.447326, 
-0.007903, 0.152714, 0.447326, 
-0.014116, 0.147947, 0.447326, 
0.02831, 0.147947, 0.447326, 
-0.014116, 0.147947, 0.447326, 
-0.018884, 0.141734, 0.447326, 
0.02831, 0.147947, 0.447326, 
-0.018884, 0.141734, 0.447326, 
-0.021881, 0.134498, 0.447326, 
0.02831, 0.147947, 0.447326, 
-0.021881, 0.134498, 0.447326, 
-0.022903, 0.126734, 0.447326, 
0.02831, 0.147947, 0.447326, 
-0.022903, 0.126734, 0.447326, 
-0.021881, 0.118969, 0.447326, 
0.02831, 0.147947, 0.447326, 
-0.021881, 0.118969, 0.447326, 
-0.018884, 0.111734, 0.447326, 
0.02831, 0.147947, 0.447326, 
-0.018884, 0.111734, 0.447326, 
-0.014116, 0.10552, 0.447326, 
0.02831, 0.147947, 0.447326, 
-0.014116, 0.10552, 0.447326, 
-0.007903, 0.100753, 0.447326, 
0.02831, 0.147947, 0.447326, 
-0.007903, 0.100753, 0.447326, 
-0.000667, 0.097756, 0.447326, 
0.02831, 0.147947, 0.447326, 
-0.000667, 0.097756, 0.447326, 
0.007097, 0.096734, 0.447326, 
0.02831, 0.147947, 0.447326, 
0.007097, 0.096734, 0.447326, 
0.014862, 0.097756, 0.447326, 
0.02831, 0.147947, 0.447326, 
0.014862, 0.097756, 0.447326, 
0.022097, 0.100753, 0.447326, 
0.02831, 0.147947, 0.447326, 
0.022097, 0.100753, 0.447326, 
0.02831, 0.10552, 0.447326, 
0.02831, 0.147947, 0.447326, 
0.02831, 0.10552, 0.447326, 
0.033078, 0.111734, 0.447326, 
0.02831, 0.147947, 0.447326, 
0.033078, 0.111734, 0.447326, 
0.036075, 0.118969, 0.447326, 
0.02831, 0.147947, 0.447326, 
0.036075, 0.118969, 0.447326, 
0.037097, 0.126734, 0.447326, 
0.02831, 0.147947, 0.447326, 
0.037097, 0.126734, 0.447326, 
0.036075, 0.134498, 0.447326, 
0.02831, 0.147947, 0.447326, 
0.036075, 0.134498, 0.447326, 
0.033078, 0.141734, 0.447326, 
0.02831, 0.147947, 0.447326, 
-0.032035, -0.105836, -0.875429, 
-0.076543, 0.233756, -0.875429, 
-0.032359, -0.095464, -0.875429, 
-0.032359, -0.095464, -0.875429, 
-0.076543, 0.233756, -0.875429, 
-0.029989, -0.085361, -0.875429, 
-0.029989, -0.085361, -0.875429, 
-0.076543, 0.233756, -0.875429, 
-0.025084, -0.076217, -0.875429, 
-0.025084, -0.076217, -0.875429, 
-0.076543, 0.233756, -0.875429, 
-0.01798, -0.068653, -0.875429, 
-0.01798, -0.068653, -0.875429, 
-0.076543, 0.233756, -0.875429, 
-0.00916, -0.063186, -0.875429, 
-0.00916, -0.063186, -0.875429, 
-0.076543, 0.233756, -0.875429, 
0.000775, -0.060188, -0.875429, 
0.000775, -0.060188, -0.875429, 
-0.076543, 0.233756, -0.875429, 
0.011147, -0.059863, -0.875429, 
0.011147, -0.059863, -0.875429, 
-0.076543, 0.233756, -0.875429, 
-0.018787, 0.11, -0.875429, 
-0.018787, 0.11, -0.875429, 
-0.076543, 0.233756, -0.875429, 
-0.021784, 0.117235, -0.875429, 
-0.021784, 0.117235, -0.875429, 
-0.076543, 0.233756, -0.875429, 
-0.022806, 0.125, -0.875429, 
-0.022806, 0.125, -0.875429, 
-0.076543, 0.233756, -0.875429, 
-0.021784, 0.132764, -0.875429, 
-0.021784, 0.132764, -0.875429, 
-0.076543, 0.233756, -0.875429, 
-0.018787, 0.14, -0.875429, 
-0.018787, 0.14, -0.875429, 
-0.076543, 0.233756, -0.875429, 
-0.014019, 0.146213, -0.875429, 
-0.014019, 0.146213, -0.875429, 
-0.076543, 0.233756, -0.875429, 
-0.007806, 0.150981, -0.875429, 
-0.007806, 0.150981, -0.875429, 
-0.076543, 0.233756, -0.875429, 
-0.000571, 0.153978, -0.875429, 
-0.000571, 0.153978, -0.875429, 
-0.076543, 0.233756, -0.875429, 
0.007194, 0.155, -0.875429, 
-0.000571, 0.153978, -0.875429, 
0.007194, 0.155, -0.875429, 
-0.000571, 0.153978, -0.695429, 
-0.000571, 0.153978, -0.695429, 
0.007194, 0.155, -0.875429, 
0.007194, 0.155, -0.695429, 
0.007194, 0.155, -0.875429, 
0.014958, 0.153978, -0.875429, 
0.007194, 0.155, -0.695429, 
0.007194, 0.155, -0.695429, 
0.014958, 0.153978, -0.875429, 
0.014958, 0.153978, -0.695429, 
0.014958, 0.153978, -0.875429, 
0.022194, 0.150981, -0.875429, 
0.014958, 0.153978, -0.695429, 
0.014958, 0.153978, -0.695429, 
0.022194, 0.150981, -0.875429, 
0.022194, 0.150981, -0.695429, 
0.022194, 0.150981, -0.875429, 
0.028407, 0.146213, -0.875429, 
0.022194, 0.150981, -0.695429, 
0.022194, 0.150981, -0.695429, 
0.028407, 0.146213, -0.875429, 
0.028407, 0.146213, -0.695429, 
0.028407, 0.146213, -0.875429, 
0.033175, 0.14, -0.875429, 
0.028407, 0.146213, -0.695429, 
0.028407, 0.146213, -0.695429, 
0.033175, 0.14, -0.875429, 
0.033175, 0.14, -0.695429, 
0.033175, 0.14, -0.875429, 
0.036172, 0.132764, -0.875429, 
0.033175, 0.14, -0.695429, 
0.033175, 0.14, -0.695429, 
0.036172, 0.132764, -0.875429, 
0.036172, 0.132764, -0.695429, 
0.036172, 0.132764, -0.875429, 
0.037194, 0.125, -0.875429, 
0.036172, 0.132764, -0.695429, 
0.036172, 0.132764, -0.695429, 
0.037194, 0.125, -0.875429, 
0.037194, 0.125, -0.695429, 
0.037194, 0.125, -0.875429, 
0.036172, 0.117235, -0.875429, 
0.037194, 0.125, -0.695429, 
0.037194, 0.125, -0.695429, 
0.036172, 0.117235, -0.875429, 
0.036172, 0.117235, -0.695429, 
0.036172, 0.117235, -0.875429, 
0.033175, 0.11, -0.875429, 
0.036172, 0.117235, -0.695429, 
0.036172, 0.117235, -0.695429, 
0.033175, 0.11, -0.875429, 
0.033175, 0.11, -0.695429, 
0.033175, 0.11, -0.875429, 
0.028407, 0.103787, -0.875429, 
0.033175, 0.11, -0.695429, 
0.033175, 0.11, -0.695429, 
0.028407, 0.103787, -0.875429, 
0.028407, 0.103787, -0.695429, 
0.033175, 0.11, -0.875429, 
0.011147, -0.059863, -0.875429, 
0.028407, 0.103787, -0.875429, 
0.028407, 0.103787, -0.875429, 
0.011147, -0.059863, -0.875429, 
0.022194, 0.099019, -0.875429, 
0.022194, 0.099019, -0.875429, 
0.011147, -0.059863, -0.875429, 
0.014958, 0.096022, -0.875429, 
0.014958, 0.096022, -0.875429, 
0.011147, -0.059863, -0.875429, 
0.007194, 0.095, -0.875429, 
0.011147, -0.059863, -0.875429, 
-0.000571, 0.096022, -0.875429, 
0.007194, 0.095, -0.875429, 
0.011147, -0.059863, -0.875429, 
-0.007806, 0.099019, -0.875429, 
-0.000571, 0.096022, -0.875429, 
0.011147, -0.059863, -0.875429, 
-0.014019, 0.103787, -0.875429, 
-0.007806, 0.099019, -0.875429, 
0.011147, -0.059863, -0.875429, 
-0.018787, 0.11, -0.875429, 
-0.014019, 0.103787, -0.875429, 
-0.014019, 0.103787, -0.875429, 
-0.018787, 0.11, -0.875429, 
-0.014019, 0.103787, -0.695429, 
-0.014019, 0.103787, -0.695429, 
-0.018787, 0.11, -0.875429, 
-0.018787, 0.11, -0.695429, 
-0.018787, 0.11, -0.875429, 
-0.021784, 0.117235, -0.875429, 
-0.018787, 0.11, -0.695429, 
-0.018787, 0.11, -0.695429, 
-0.021784, 0.117235, -0.875429, 
-0.021784, 0.117235, -0.695429, 
-0.021784, 0.117235, -0.875429, 
-0.022806, 0.125, -0.875429, 
-0.021784, 0.117235, -0.695429, 
-0.021784, 0.117235, -0.695429, 
-0.022806, 0.125, -0.875429, 
-0.022806, 0.125, -0.695429, 
-0.022806, 0.125, -0.875429, 
-0.021784, 0.132764, -0.875429, 
-0.022806, 0.125, -0.695429, 
-0.022806, 0.125, -0.695429, 
-0.021784, 0.132764, -0.875429, 
-0.021784, 0.132764, -0.695429, 
-0.021784, 0.132764, -0.875429, 
-0.018787, 0.14, -0.875429, 
-0.021784, 0.132764, -0.695429, 
-0.021784, 0.132764, -0.695429, 
-0.018787, 0.14, -0.875429, 
-0.018787, 0.14, -0.695429, 
-0.018787, 0.14, -0.875429, 
-0.014019, 0.146213, -0.875429, 
-0.018787, 0.14, -0.695429, 
-0.018787, 0.14, -0.695429, 
-0.014019, 0.146213, -0.875429, 
-0.014019, 0.146213, -0.695429, 
-0.014019, 0.146213, -0.875429, 
-0.007806, 0.150981, -0.875429, 
-0.014019, 0.146213, -0.695429, 
-0.014019, 0.146213, -0.695429, 
-0.007806, 0.150981, -0.875429, 
-0.007806, 0.150981, -0.695429, 
-0.007806, 0.150981, -0.875429, 
-0.000571, 0.153978, -0.875429, 
-0.007806, 0.150981, -0.695429, 
-0.007806, 0.150981, -0.695429, 
-0.000571, 0.153978, -0.875429, 
-0.000571, 0.153978, -0.695429, 
-0.014019, 0.146213, -0.695429, 
-0.007806, 0.150981, -0.695429, 
-0.018787, 0.14, -0.695429, 
-0.007806, 0.150981, -0.695429, 
-0.000571, 0.153978, -0.695429, 
-0.018787, 0.14, -0.695429, 
-0.000571, 0.153978, -0.695429, 
0.007194, 0.155, -0.695429, 
-0.018787, 0.14, -0.695429, 
0.007194, 0.155, -0.695429, 
0.014958, 0.153978, -0.695429, 
-0.018787, 0.14, -0.695429, 
0.014958, 0.153978, -0.695429, 
0.022194, 0.150981, -0.695429, 
-0.018787, 0.14, -0.695429, 
0.022194, 0.150981, -0.695429, 
0.028407, 0.146213, -0.695429, 
-0.018787, 0.14, -0.695429, 
0.028407, 0.146213, -0.695429, 
0.033175, 0.14, -0.695429, 
-0.018787, 0.14, -0.695429, 
0.033175, 0.14, -0.695429, 
0.036172, 0.132764, -0.695429, 
-0.018787, 0.14, -0.695429, 
0.036172, 0.132764, -0.695429, 
0.037194, 0.125, -0.695429, 
-0.018787, 0.14, -0.695429, 
0.037194, 0.125, -0.695429, 
0.036172, 0.117235, -0.695429, 
-0.018787, 0.14, -0.695429, 
0.036172, 0.117235, -0.695429, 
0.033175, 0.11, -0.695429, 
-0.018787, 0.14, -0.695429, 
0.033175, 0.11, -0.695429, 
0.028407, 0.103787, -0.695429, 
-0.018787, 0.14, -0.695429, 
0.028407, 0.103787, -0.695429, 
0.022194, 0.099019, -0.695429, 
-0.018787, 0.14, -0.695429, 
0.022194, 0.099019, -0.695429, 
0.014958, 0.096022, -0.695429, 
-0.018787, 0.14, -0.695429, 
0.014958, 0.096022, -0.695429, 
0.007194, 0.095, -0.695429, 
-0.018787, 0.14, -0.695429, 
0.007194, 0.095, -0.695429, 
-0.000571, 0.096022, -0.695429, 
-0.018787, 0.14, -0.695429, 
-0.000571, 0.096022, -0.695429, 
-0.007806, 0.099019, -0.695429, 
-0.018787, 0.14, -0.695429, 
-0.007806, 0.099019, -0.695429, 
-0.014019, 0.103787, -0.695429, 
-0.018787, 0.14, -0.695429, 
-0.014019, 0.103787, -0.695429, 
-0.018787, 0.11, -0.695429, 
-0.018787, 0.14, -0.695429, 
-0.018787, 0.11, -0.695429, 
-0.021784, 0.117235, -0.695429, 
-0.018787, 0.14, -0.695429, 
-0.021784, 0.117235, -0.695429, 
-0.022806, 0.125, -0.695429, 
-0.018787, 0.14, -0.695429, 
-0.022806, 0.125, -0.695429, 
-0.021784, 0.132764, -0.695429, 
-0.018787, 0.14, -0.695429, 
0.028407, 0.103787, -0.875429, 
0.022194, 0.099019, -0.875429, 
0.028407, 0.103787, -0.695429, 
0.028407, 0.103787, -0.695429, 
0.022194, 0.099019, -0.875429, 
0.022194, 0.099019, -0.695429, 
0.022194, 0.099019, -0.875429, 
0.014958, 0.096022, -0.875429, 
0.022194, 0.099019, -0.695429, 
0.022194, 0.099019, -0.695429, 
0.014958, 0.096022, -0.875429, 
0.014958, 0.096022, -0.695429, 
0.014958, 0.096022, -0.875429, 
0.007194, 0.095, -0.875429, 
0.014958, 0.096022, -0.695429, 
0.014958, 0.096022, -0.695429, 
0.007194, 0.095, -0.875429, 
0.007194, 0.095, -0.695429, 
0.007194, 0.095, -0.875429, 
-0.000571, 0.096022, -0.875429, 
0.007194, 0.095, -0.695429, 
0.007194, 0.095, -0.695429, 
-0.000571, 0.096022, -0.875429, 
-0.000571, 0.096022, -0.695429, 
-0.000571, 0.096022, -0.875429, 
-0.007806, 0.099019, -0.875429, 
-0.000571, 0.096022, -0.695429, 
-0.000571, 0.096022, -0.695429, 
-0.007806, 0.099019, -0.875429, 
-0.007806, 0.099019, -0.695429, 
-0.007806, 0.099019, -0.875429, 
-0.014019, 0.103787, -0.875429, 
-0.007806, 0.099019, -0.695429, 
-0.007806, 0.099019, -0.695429, 
-0.014019, 0.103787, -0.875429, 
-0.014019, 0.103787, -0.695429, 
0.000775, -0.060188, -0.875429, 
0.011147, -0.059863, -0.875429, 
0.000775, -0.060188, -0.645429, 
0.000775, -0.060188, -0.645429, 
0.011147, -0.059863, -0.875429, 
0.011147, -0.059863, -0.645429, 
0.011147, -0.059863, -0.875429, 
0.021249, -0.062234, -0.875429, 
0.011147, -0.059863, -0.645429, 
0.011147, -0.059863, -0.645429, 
0.021249, -0.062234, -0.875429, 
0.021249, -0.062234, -0.645429, 
0.021249, -0.062234, -0.875429, 
0.030394, -0.067139, -0.875429, 
0.021249, -0.062234, -0.645429, 
0.021249, -0.062234, -0.645429, 
0.030394, -0.067139, -0.875429, 
0.030394, -0.067139, -0.645429, 
0.030394, -0.067139, -0.875429, 
0.037957, -0.074243, -0.875429, 
0.030394, -0.067139, -0.645429, 
0.030394, -0.067139, -0.645429, 
0.037957, -0.074243, -0.875429, 
0.037957, -0.074243, -0.645429, 
0.037957, -0.074243, -0.875429, 
0.043424, -0.083063, -0.875429, 
0.037957, -0.074243, -0.645429, 
0.037957, -0.074243, -0.645429, 
0.043424, -0.083063, -0.875429, 
0.043424, -0.083063, -0.645429, 
0.043424, -0.083063, -0.875429, 
0.046422, -0.092997, -0.875429, 
0.043424, -0.083063, -0.645429, 
0.043424, -0.083063, -0.645429, 
0.046422, -0.092997, -0.875429, 
0.046422, -0.092997, -0.645429, 
0.046422, -0.092997, -0.875429, 
0.046747, -0.103369, -0.875429, 
0.046422, -0.092997, -0.645429, 
0.046422, -0.092997, -0.645429, 
0.046747, -0.103369, -0.875429, 
0.046747, -0.103369, -0.645429, 
0.046747, -0.103369, -0.875429, 
0.044376, -0.113472, -0.875429, 
0.046747, -0.103369, -0.645429, 
0.046747, -0.103369, -0.645429, 
0.044376, -0.113472, -0.875429, 
0.044376, -0.113472, -0.645429, 
0.044376, -0.113472, -0.875429, 
0.039472, -0.122616, -0.875429, 
0.044376, -0.113472, -0.645429, 
0.044376, -0.113472, -0.645429, 
0.039472, -0.122616, -0.875429, 
0.039472, -0.122616, -0.645429, 
0.039472, -0.122616, -0.875429, 
0.032367, -0.13018, -0.875429, 
0.039472, -0.122616, -0.645429, 
0.039472, -0.122616, -0.645429, 
0.032367, -0.13018, -0.875429, 
0.032367, -0.13018, -0.645429, 
0.032367, -0.13018, -0.875429, 
0.023547, -0.135647, -0.875429, 
0.032367, -0.13018, -0.645429, 
0.032367, -0.13018, -0.645429, 
0.023547, -0.135647, -0.875429, 
0.023547, -0.135647, -0.645429, 
0.023547, -0.135647, -0.875429, 
0.013613, -0.138645, -0.875429, 
0.023547, -0.135647, -0.645429, 
0.023547, -0.135647, -0.645429, 
0.013613, -0.138645, -0.875429, 
0.013613, -0.138645, -0.645429, 
0.013613, -0.138645, -0.875429, 
0.003241, -0.13897, -0.875429, 
0.013613, -0.138645, -0.645429, 
0.013613, -0.138645, -0.645429, 
0.003241, -0.13897, -0.875429, 
0.003241, -0.13897, -0.645429, 
0.003241, -0.13897, -0.875429, 
-0.006861, -0.136599, -0.875429, 
0.003241, -0.13897, -0.645429, 
0.003241, -0.13897, -0.645429, 
-0.006861, -0.136599, -0.875429, 
-0.006861, -0.136599, -0.645429, 
-0.006861, -0.136599, -0.875429, 
-0.016006, -0.131694, -0.875429, 
-0.006861, -0.136599, -0.645429, 
-0.006861, -0.136599, -0.645429, 
-0.016006, -0.131694, -0.875429, 
-0.016006, -0.131694, -0.645429, 
-0.016006, -0.131694, -0.875429, 
-0.023569, -0.12459, -0.875429, 
-0.016006, -0.131694, -0.645429, 
-0.016006, -0.131694, -0.645429, 
-0.023569, -0.12459, -0.875429, 
-0.023569, -0.12459, -0.645429, 
-0.023569, -0.12459, -0.875429, 
-0.029036, -0.11577, -0.875429, 
-0.023569, -0.12459, -0.645429, 
-0.023569, -0.12459, -0.645429, 
-0.029036, -0.11577, -0.875429, 
-0.029036, -0.11577, -0.645429, 
-0.029036, -0.11577, -0.875429, 
-0.032035, -0.105836, -0.875429, 
-0.029036, -0.11577, -0.645429, 
-0.029036, -0.11577, -0.645429, 
-0.032035, -0.105836, -0.875429, 
-0.032035, -0.105836, -0.645429, 
-0.032035, -0.105836, -0.875429, 
-0.032359, -0.095464, -0.875429, 
-0.032035, -0.105836, -0.645429, 
-0.032035, -0.105836, -0.645429, 
-0.032359, -0.095464, -0.875429, 
-0.032359, -0.095464, -0.645429, 
-0.032359, -0.095464, -0.875429, 
-0.029989, -0.085361, -0.875429, 
-0.032359, -0.095464, -0.645429, 
-0.032359, -0.095464, -0.645429, 
-0.029989, -0.085361, -0.875429, 
-0.029989, -0.085361, -0.645429, 
-0.029989, -0.085361, -0.875429, 
-0.025084, -0.076217, -0.875429, 
-0.029989, -0.085361, -0.645429, 
-0.029989, -0.085361, -0.645429, 
-0.025084, -0.076217, -0.875429, 
-0.025084, -0.076217, -0.645429, 
-0.025084, -0.076217, -0.875429, 
-0.01798, -0.068653, -0.875429, 
-0.025084, -0.076217, -0.645429, 
-0.025084, -0.076217, -0.645429, 
-0.01798, -0.068653, -0.875429, 
-0.01798, -0.068653, -0.645429, 
-0.01798, -0.068653, -0.875429, 
-0.00916, -0.063186, -0.875429, 
-0.01798, -0.068653, -0.645429, 
-0.01798, -0.068653, -0.645429, 
-0.00916, -0.063186, -0.875429, 
-0.00916, -0.063186, -0.645429, 
-0.00916, -0.063186, -0.875429, 
0.000775, -0.060188, -0.875429, 
-0.00916, -0.063186, -0.645429, 
-0.00916, -0.063186, -0.645429, 
0.000775, -0.060188, -0.875429, 
0.000775, -0.060188, -0.645429, 
-0.006861, -0.136599, -0.645429, 
-0.016006, -0.131694, -0.645429, 
0.003241, -0.13897, -0.645429, 
-0.016006, -0.131694, -0.645429, 
-0.023569, -0.12459, -0.645429, 
0.003241, -0.13897, -0.645429, 
-0.023569, -0.12459, -0.645429, 
-0.029036, -0.11577, -0.645429, 
0.003241, -0.13897, -0.645429, 
-0.029036, -0.11577, -0.645429, 
-0.032035, -0.105836, -0.645429, 
0.003241, -0.13897, -0.645429, 
-0.032035, -0.105836, -0.645429, 
-0.032359, -0.095464, -0.645429, 
0.003241, -0.13897, -0.645429, 
-0.032359, -0.095464, -0.645429, 
-0.029989, -0.085361, -0.645429, 
0.003241, -0.13897, -0.645429, 
-0.029989, -0.085361, -0.645429, 
-0.025084, -0.076217, -0.645429, 
0.003241, -0.13897, -0.645429, 
-0.025084, -0.076217, -0.645429, 
-0.01798, -0.068653, -0.645429, 
0.003241, -0.13897, -0.645429, 
-0.01798, -0.068653, -0.645429, 
-0.00916, -0.063186, -0.645429, 
0.003241, -0.13897, -0.645429, 
-0.00916, -0.063186, -0.645429, 
0.000775, -0.060188, -0.645429, 
0.003241, -0.13897, -0.645429, 
0.003241, -0.13897, -0.645429, 
0.000775, -0.060188, -0.645429, 
0.013613, -0.138645, -0.645429, 
0.000775, -0.060188, -0.645429, 
0.011147, -0.059863, -0.645429, 
0.013613, -0.138645, -0.645429, 
0.011147, -0.059863, -0.645429, 
0.021249, -0.062234, -0.645429, 
0.013613, -0.138645, -0.645429, 
0.021249, -0.062234, -0.645429, 
0.030394, -0.067139, -0.645429, 
0.013613, -0.138645, -0.645429, 
0.013613, -0.138645, -0.645429, 
0.030394, -0.067139, -0.645429, 
0.023547, -0.135647, -0.645429, 
0.030394, -0.067139, -0.645429, 
0.037957, -0.074243, -0.645429, 
0.023547, -0.135647, -0.645429, 
0.037957, -0.074243, -0.645429, 
0.043424, -0.083063, -0.645429, 
0.023547, -0.135647, -0.645429, 
0.043424, -0.083063, -0.645429, 
0.046422, -0.092997, -0.645429, 
0.023547, -0.135647, -0.645429, 
0.046422, -0.092997, -0.645429, 
0.046747, -0.103369, -0.645429, 
0.023547, -0.135647, -0.645429, 
0.046747, -0.103369, -0.645429, 
0.044376, -0.113472, -0.645429, 
0.023547, -0.135647, -0.645429, 
0.044376, -0.113472, -0.645429, 
0.039472, -0.122616, -0.645429, 
0.023547, -0.135647, -0.645429, 
0.039472, -0.122616, -0.645429, 
0.032367, -0.13018, -0.645429, 
0.023547, -0.135647, -0.645429, 
N
0.0, 1, 0.0, 
0.0, 1, 0.0, 
0.0, 1, 0.0, 
0.0, 1, 0.0, 
0.0, 1, 0.0, 
0.0, 1, 0.0, 
0.0, 0.0, -1, 
0.0, 0.0, -1, 
0.0, 0.0, -1, 
0.0, 0.0, -1, 
0.0, 0.0, -1, 
0.0, 0.0, -1, 
0.0, 0.0, -1, 
0.0, 0.0, -1, 
0.0, 0.0, -1, 
0.0, 0.0, -1, 
0.0, 0.0, -1, 
0.0, 0.0, -1, 
0.0, 0.0, -1, 
0.0, 0.0, -1, 
0.0, 0.0, -1, 
0.0, 0.0, -1, 
0.0, 0.0, -1, 
0.0, 0.0, -1, 
0.0, 0.0, -1, 
0.0, 0.0, -1, 
0.0, 0.0, -1, 
0.0, 0.0, -1, 
0.0, 0.0, -1, 
0.0, 0.0, -1, 
0.0, 0.0, -1, 
0.0, 0.0, -1, 
0.0, 0.0, -1, 
0.0, 0.0, -1, 
0.0, 0.0, -1, 
0.0, 0.0, -1, 
0.0, 0.0, -1, 
0.0, 0.0, -1, 
0.0, 0.0, -1, 
0.0, 0.0, -1, 
0.0, 0.0, -1, 
0.0, 0.0, -1, 
0.0, 0.0, -1, 
0.0, 0.0, -1, 
0.0, 0.0, -1, 
0.0, 0.0, -1, 
0.0, 0.0, -1, 
0.0, 0.0, -1, 
0.0, 0.0, -1, 
0.0, 0.0, -1, 
0.0, 0.0, -1, 
0.0, 0.0, -1, 
0.0, 0.0, -1, 
0.0, 0.0, -1, 
0.0, 0.0, -1, 
0.0, 0.0, -1, 
0.0, 0.0, -1, 
0.0, 0.0, -1, 
0.0, 0.0, -1, 
0.0, 0.0, -1, 
0.0, 0.0, -1, 
0.0, 0.0, -1, 
0.0, 0.0, -1, 
0.0, 0.0, -1, 
0.0, 0.0, -1, 
0.0, 0.0, -1, 
0.0, 0.0, -1, 
0.0, 0.0, -1, 
0.0, 0.0, -1, 
0.0, 0.0, -1, 
0.0, 0.0, -1, 
0.0, 0.0, -1, 
0.0, 0.0, -1, 
0.0, 0.0, -1, 
0.0, 0.0, -1, 
0.0, 0.0, -1, 
0.0, 0.0, -1, 
0.0, 0.0, -1, 
0.0, 0.0, -1, 
0.0, 0.0, -1, 
0.0, 0.0, -1, 
0.0, 0.0, -1, 
0.0, 0.0, -1, 
0.0, 0.0, -1, 
0.0, 0.0, -1, 
0.0, 0.0, -1, 
0.0, 0.0, -1, 
0.0, 0.0, -1, 
0.0, 0.0, -1, 
0.0, 0.0, -1, 
0.0, 0.0, -1, 
0.0, 0.0, -1, 
0.0, 0.0, -1, 
0.0, 0.0, -1, 
0.0, 0.0, -1, 
0.0, 0.0, -1, 
-1, 0.0, 0.0, 
-1, 0.0, 0.0, 
-1, 0.0, 0.0, 
-1, 0.0, 0.0, 
-1, 0.0, 0.0, 
-1, 0.0, 0.0, 
0.0, -1, 0.0, 
0.0, -1, 0.0, 
0.0, -1, 0.0, 
0.0, -1, 0.0, 
0.0, -1, 0.0, 
0.0, -1, 0.0, 
0.0, -1, 0.0, 
0.0, -1, 0.0, 
0.0, -1, 0.0, 
0.0, -1, 0.0, 
0.0, -1, 0.0, 
0.0, -1, 0.0, 
0.0, -1, 0.0, 
0.0, -1, 0.0, 
0.0, -1, 0.0, 
0.0, -1, 0.0, 
0.0, -1, 0.0, 
0.0, -1, 0.0, 
0.0, -1, 0.0, 
0.0, -1, 0.0, 
0.0, -1, 0.0, 
0.0, -1, 0.0, 
0.0, -1, 0.0, 
0.0, -1, 0.0, 
0.0, -1, 0.0, 
0.0, -1, 0.0, 
0.0, -1, 0.0, 
0.0, -1, 0.0, 
0.0, -1, 0.0, 
0.0, -1, 0.0, 
0.0, -1, 0.0, 
0.0, -1, 0.0, 
0.0, -1, 0.0, 
0.0, -1, 0.0, 
0.0, -1, 0.0, 
0.0, -1, 0.0, 
0.0, -1, 0.0, 
0.0, -1, 0.0, 
0.0, -1, 0.0, 
0.0, -1, 0.0, 
0.0, -1, 0.0, 
0.0, -1, 0.0, 
0.0, -1, 0.0, 
0.0, -1, 0.0, 
0.0, -1, 0.0, 
0.0, -1, 0.0, 
0.0, -1, 0.0, 
0.0, -1, 0.0, 
0.0, -1, 0.0, 
0.0, -1, 0.0, 
0.0, -1, 0.0, 
0.0, -1, 0.0, 
0.0, -1, 0.0, 
0.0, -1, 0.0, 
0.0, -1, 0.0, 
0.0, -1, 0.0, 
0.0, -1, 0.0, 
0.0, -1, 0.0, 
0.0, -1, 0.0, 
0.0, -1, 0.0, 
0.0, -1, 0.0, 
0.0, -1, 0.0, 
0.0, -1, 0.0, 
0.0, -1, 0.0, 
0.0, -1, 0.0, 
0.0, -1, 0.0, 
0.0, -1, 0.0, 
0.0, -1, 0.0, 
0.0, -1, 0.0, 
0.0, 0.0, -1, 
0.0, 0.0, -1, 
0.0, 0.0, -1, 
0.0, 0.0, -1, 
0.0, 0.0, -1, 
0.0, 0.0, -1, 
1, 0.0, 0.0, 
1, 0.0, 0.0, 
1, 0.0, 0.0, 
1, 0.0, 0.0, 
1, 0.0, 0.0, 
1, 0.0, 0.0, 
0.0, 0.0, 1, 
0.0, 0.0, 1, 
0.0, 0.0, 1, 
0.0, 0.0, 1, 
0.0, 0.0, 1, 
0.0, 0.0, 1, 
-1, 0.0, 0.0, 
-1, 0.0, 0.0, 
-1, 0.0, 0.0, 
-1, 0.0, 0.0, 
-1, 0.0, 0.0, 
-1, 0.0, 0.0, 
0.0, -1, 0.0, 
0.0, -1, 0.0, 
0.0, -1, 0.0, 
0.0, -1, 0.0, 
0.0, -1, 0.0, 
0.0, -1, 0.0, 
0.0, -1, 0.0, 
0.0, -1, 0.0, 
0.0, -1, 0.0, 
0.0, 0.0, 1, 
0.0, 0.0, 1, 
0.0, 0.0, 1, 
0.0, 0.0, 1, 
0.0, 0.0, 1, 
0.0, 0.0, 1, 
0.0, 0.0, 1, 
0.0, 0.0, 1, 
0.0, 0.0, 1, 
0.0, 0.0, 1, 
0.0, 0.0, 1, 
0.0, 0.0, 1, 
0.0, 0.0, 1, 
0.0, 0.0, 1, 
0.0, 0.0, 1, 
1, 0.0, 0.0, 
1, 0.0, 0.0, 
1, 0.0, 0.0, 
1, 0.0, 0.0, 
1, 0.0, 0.0, 
1, 0.0, 0.0, 
0.0, 0.0, 1, 
0.0, 0.0, 1, 
0.0, 0.0, 1, 
0.0, 0.0, 1, 
0.0, 0.0, 1, 
0.0, 0.0, 1, 
0.0, 0.0, 1, 
0.0, 0.0, 1, 
0.0, 0.0, 1, 
0.0, 0.0, 1, 
0.0, 0.0, 1, 
0.0, 0.0, 1, 
0.0, 0.0, 1, 
0.0, 0.0, 1, 
0.0, 0.0, 1, 
0.0, 0.0, 1, 
0.0, 0.0, 1, 
0.0, 0.0, 1, 
0.0, 0.0, 1, 
0.0, 0.0, 1, 
0.0, 0.0, 1, 
0.0, 0.0, 1, 
0.0, 0.0, 1, 
0.0, 0.0, 1, 
0.0, 0.0, 1, 
0.0, 0.0, 1, 
0.0, 0.0, 1, 
0.0, 0.0, 1, 
0.0, 0.0, 1, 
0.0, 0.0, 1, 
0.0, 0.0, 1, 
0.0, 0.0, 1, 
0.0, 0.0, 1, 
0.0, 0.0, 1, 
0.0, 0.0, 1, 
0.0, 0.0, 1, 
0.0, 0.0, 1, 
0.0, 0.0, 1, 
0.0, 0.0, 1, 
0.0, 0.0, 1, 
0.0, 0.0, 1, 
0.0, 0.0, 1, 
0.0, 0.0, 1, 
0.0, 0.0, 1, 
0.0, 0.0, 1, 
0.0, 0.0, 1, 
0.0, 0.0, 1, 
0.0, 0.0, 1, 
0.0, 0.0, 1, 
0.0, 0.0, 1, 
0.0, 0.0, 1, 
0.0, 0.0, 1, 
0.0, 0.0, 1, 
0.0, 0.0, 1, 
0.0, 0.0, 1, 
0.0, 0.0, 1, 
0.0, 0.0, 1, 
0.0, 0.0, 1, 
0.0, 0.0, 1, 
0.0, 0.0, 1, 
0.0, 0.0, 1, 
0.0, 0.0, 1, 
0.0, 0.0, 1, 
0.0, 0.0, 1, 
0.0, 0.0, 1, 
0.0, 0.0, 1, 
0.0, 0.0, 1, 
0.0, 0.0, 1, 
0.0, 0.0, 1, 
0.0, 0.0, 1, 
0.0, 0.0, 1, 
0.0, 0.0, 1, 
0.0, 0.0, 1, 
0.0, 0.0, 1, 
0.0, 0.0, 1, 
0.0, 0.0, 1, 
0.0, 0.0, 1, 
0.0, 0.0, 1, 
0.0, 0.0, 1, 
0.0, 0.0, 1, 
0.0, 0.0, 1, 
0.0, 0.0, 1, 
0.0, 0.0, 1, 
0.0, 0.0, 1, 
0.0, 0.0, 1, 
0.0, 0.0, 1, 
0.0, 0.0, 1, 
0.0, 0.0, 1, 
0.0, 0.0, 1, 
0.0, 0.0, 1, 
0.0, 0.0, 1, 
0.0, 0.0, 1, 
0.0, 0.0, 1, 
0.0, 0.0, 1, 
0.0, 0.0, 1, 
0.0, 0.0, 1, 
0.0, 0.0, 1, 
0.0, 0.0, 1, 
0.0, 0.0, 1, 
0.0, 0.0, 1, 
0.0, 0.0, 1, 
0.0, 0.0, 1, 
0.0, 0.0, 1, 
0.0, 0.0, 1, 
0.0, 0.0, 1, 
0.0, 0.0, 1, 
0.0, 0.0, 1, 
0.0, 0.0, 1, 
0.0, 0.0, 1, 
0.0, 0.0, 1, 
0.0, 0.0, 1, 
0.0, 0.0, 1, 
0.0, 0.0, 1, 
0.0, 0.0, 1, 
0.0, 0.0, 1, 
0.0, 0.0, 1, 
0.0, 0.0, 1, 
0.0, 0.0, 1, 
0.0, 0.0, 1, 
0.0, 0.0, 1, 
0.0, 0.0, 1, 
0.0, 0.0, 1, 
0.0, 0.0, 1, 
-0.39257, 0.919722, 0.0, 
-0.617235, 0.786779, -0.0, 
-0.39257, 0.919722, 0.0, 
-0.39257, 0.919722, 0.0, 
-0.617235, 0.786779, -0.0, 
-0.617235, 0.786779, -0.0, 
-0.617235, 0.786779, -0.0, 
-0.799837, 0.600218, -0.0, 
-0.617235, 0.786779, -0.0, 
-0.617235, 0.786779, -0.0, 
-0.799837, 0.600218, -0.0, 
-0.799837, 0.600218, -0.0, 
-0.799837, 0.600218, -0.0, 
-0.927931, 0.372753, -0.0, 
-0.799837, 0.600218, -0.0, 
-0.799837, 0.600218, -0.0, 
-0.927931, 0.372753, -0.0, 
-0.927931, 0.372753, -0.0, 
-0.927931, 0.372753, -0.0, 
-0.992788, 0.119886, -0.0, 
-0.927931, 0.372753, -0.0, 
-0.927931, 0.372753, -0.0, 
-0.992788, 0.119886, -0.0, 
-0.992788, 0.119886, -0.0, 
-0.992788, 0.119886, -0.0, 
-0.989988, -0.141152, -0.0, 
-0.992788, 0.119886, -0.0, 
-0.992788, 0.119886, -0.0, 
-0.989988, -0.141152, -0.0, 
-0.989988, -0.141152, -0.0, 
-0.989988, -0.141152, -0.0, 
-0.919722, -0.39257, -0.0, 
-0.989988, -0.141152, -0.0, 
-0.989988, -0.141152, -0.0, 
-0.919722, -0.39257, -0.0, 
-0.919722, -0.39257, -0.0, 
-0.919722, -0.39257, -0.0, 
-0.786779, -0.617235, -0.0, 
-0.919722, -0.39257, -0.0, 
-0.919722, -0.39257, -0.0, 
-0.786779, -0.617235, -0.0, 
-0.786779, -0.617235, -0.0, 
-0.786779, -0.617235, -0.0, 
-0.600218, -0.799837, -0.0, 
-0.786779, -0.617235, -0.0, 
-0.786779, -0.617235, -0.0, 
-0.600218, -0.799837, -0.0, 
-0.600218, -0.799837, -0.0, 
-0.600218, -0.799837, -0.0, 
-0.372753, -0.927931, -0.0, 
-0.600218, -0.799837, -0.0, 
-0.600218, -0.799837, -0.0, 
-0.372753, -0.927931, -0.0, 
-0.372753, -0.927931, -0.0, 
-0.372753, -0.927931, -0.0, 
-0.119886, -0.992788, -0.0, 
-0.372753, -0.927931, -0.0, 
-0.372753, -0.927931, -0.0, 
-0.119886, -0.992788, -0.0, 
-0.119886, -0.992788, -0.0, 
-0.119886, -0.992788, -0.0, 
0.141152, -0.989988, -0.0, 
-0.119886, -0.992788, -0.0, 
-0.119886, -0.992788, -0.0, 
0.141152, -0.989988, -0.0, 
0.141152, -0.989988, -0.0, 
0.141152, -0.989988, -0.0, 
0.39257, -0.919722, -0.0, 
0.141152, -0.989988, -0.0, 
0.141152, -0.989988, -0.0, 
0.39257, -0.919722, -0.0, 
0.39257, -0.919722, -0.0, 
0.39257, -0.919722, -0.0, 
0.617235, -0.786779, 0.0, 
0.39257, -0.919722, -0.0, 
0.39257, -0.919722, -0.0, 
0.617235, -0.786779, 0.0, 
0.617235, -0.786779, 0.0, 
0.617235, -0.786779, 0.0, 
0.799837, -0.600218, 0.0, 
0.617235, -0.786779, 0.0, 
0.617235, -0.786779, 0.0, 
0.799837, -0.600218, 0.0, 
0.799837, -0.600218, 0.0, 
0.799837, -0.600218, 0.0, 
0.927931, -0.372753, 0.0, 
0.799837, -0.600218, 0.0, 
0.799837, -0.600218, 0.0, 
0.927931, -0.372753, 0.0, 
0.927931, -0.372753, 0.0, 
0.927931, -0.372753, 0.0, 
0.992788, -0.119886, 0.0, 
0.927931, -0.372753, 0.0, 
0.927931, -0.372753, 0.0, 
0.992788, -0.119886, 0.0, 
0.992788, -0.119886, 0.0, 
0.992788, -0.119886, 0.0, 
0.989988, 0.141152, 0.0, 
0.992788, -0.119886, 0.0, 
0.992788, -0.119886, 0.0, 
0.989988, 0.141152, 0.0, 
0.989988, 0.141152, 0.0, 
0.989988, 0.141152, 0.0, 
0.919722, 0.39257, 0.0, 
0.989988, 0.141152, 0.0, 
0.989988, 0.141152, 0.0, 
0.919722, 0.39257, 0.0, 
0.919722, 0.39257, 0.0, 
0.919722, 0.39257, 0.0, 
0.786779, 0.617235, 0.0, 
0.919722, 0.39257, 0.0, 
0.919722, 0.39257, 0.0, 
0.786779, 0.617235, 0.0, 
0.786779, 0.617235, 0.0, 
0.786779, 0.617235, 0.0, 
0.600218, 0.799837, 0.0, 
0.786779, 0.617235, 0.0, 
0.786779, 0.617235, 0.0, 
0.600218, 0.799837, 0.0, 
0.600218, 0.799837, 0.0, 
0.600218, 0.799837, 0.0, 
0.372753, 0.927931, 0.0, 
0.600218, 0.799837, 0.0, 
0.600218, 0.799837, 0.0, 
0.372753, 0.927931, 0.0, 
0.372753, 0.927931, 0.0, 
0.372753, 0.927931, 0.0, 
0.119886, 0.992788, 0.0, 
0.372753, 0.927931, 0.0, 
0.372753, 0.927931, 0.0, 
0.119886, 0.992788, 0.0, 
0.119886, 0.992788, 0.0, 
0.119886, 0.992788, 0.0, 
-0.141152, 0.989988, 0.0, 
0.119886, 0.992788, 0.0, 
0.119886, 0.992788, 0.0, 
-0.141152, 0.989988, 0.0, 
-0.141152, 0.989988, 0.0, 
-0.141152, 0.989988, 0.0, 
-0.39257, 0.919722, 0.0, 
-0.141152, 0.989988, 0.0, 
-0.141152, 0.989988, 0.0, 
-0.39257, 0.919722, 0.0, 
-0.39257, 0.919722, 0.0, 
0.0, 0.0, 1, 
0.0, 0.0, 1, 
0.0, 0.0, 1, 
0.0, 0.0, 1, 
0.0, 0.0, 1, 
0.0, 0.0, 1, 
0.0, 0.0, 1, 
0.0, 0.0, 1, 
0.0, 0.0, 1, 
0.0, 0.0, 1, 
0.0, 0.0, 1, 
0.0, 0.0, 1, 
0.0, 0.0, 1, 
0.0, 0.0, 1, 
0.0, 0.0, 1, 
0.0, 0.0, 1, 
0.0, 0.0, 1, 
0.0, 0.0, 1, 
0.0, 0.0, 1, 
0.0, 0.0, 1, 
0.0, 0.0, 1, 
0.0, 0.0, 1, 
0.0, 0.0, 1, 
0.0, 0.0, 1, 
0.0, 0.0, 1, 
0.0, 0.0, 1, 
0.0, 0.0, 1, 
0.0, 0.0, 1, 
0.0, 0.0, 1, 
0.0, 0.0, 1, 
0.0, 0.0, 1, 
0.0, 0.0, 1, 
0.0, 0.0, 1, 
0.0, 0.0, 1, 
0.0, 0.0, 1, 
0.0, 0.0, 1, 
0.0, 0.0, 1, 
0.0, 0.0, 1, 
0.0, 0.0, 1, 
0.0, 0.0, 1, 
0.0, 0.0, 1, 
0.0, 0.0, 1, 
0.0, 0.0, 1, 
0.0, 0.0, 1, 
0.0, 0.0, 1, 
0.0, 0.0, 1, 
0.0, 0.0, 1, 
0.0, 0.0, 1, 
0.0, 0.0, 1, 
0.0, 0.0, 1, 
0.0, 0.0, 1, 
0.0, 0.0, 1, 
0.0, 0.0, 1, 
0.0, 0.0, 1, 
0.0, 0.0, 1, 
0.0, 0.0, 1, 
0.0, 0.0, 1, 
0.0, 0.0, 1, 
0.0, 0.0, 1, 
0.0, 0.0, 1, 
0.0, 0.0, 1, 
0.0, 0.0, 1, 
0.0, 0.0, 1, 
0.0, 0.0, 1, 
0.0, 0.0, 1, 
0.0, 0.0, 1, 
0.0, 0.0, 1, 
0.0, 0.0, 1, 
0.0, 0.0, 1, 
0.0, 0.0, 1, 
0.0, 0.0, 1, 
0.0, 0.0, 1, 
0.0, 0.0, 1, 
0.0, 0.0, 1, 
0.0, 0.0, 1, 
0.0, 0.0, 1, 
0.0, 0.0, 1, 
0.0, 0.0, 1, 
0.0, 0.0, 1, 
0.0, 0.0, 1, 
0.0, 0.0, 1, 
0.0, 0.0, 1, 
0.0, 0.0, 1, 
0.0, 0.0, 1, 
0.0, 0.0, 1, 
0.0, 0.0, 1, 
0.0, 0.0, 1, 
0.0, 0.0, 1, 
0.0, 0.0, 1, 
0.0, 0.0, 1, 
-0.707107, 0.707107, -0.0, 
-0.866025, 0.5, -0.0, 
-0.707107, 0.707107, -0.0, 
-0.707107, 0.707107, -0.0, 
-0.866025, 0.5, -0.0, 
-0.866025, 0.5, -0.0, 
-0.866025, 0.5, -0.0, 
-0.965926, 0.258819, -0.0, 
-0.866025, 0.5, -0.0, 
-0.866025, 0.5, -0.0, 
-0.965926, 0.258819, -0.0, 
-0.965926, 0.258819, -0.0, 
-0.965926, 0.258819, -0.0, 
-1, 0.0, -0.0, 
-0.965926, 0.258819, -0.0, 
-0.965926, 0.258819, -0.0, 
-1, 0.0, -0.0, 
-1, 0.0, -0.0, 
-1, 0.0, -0.0, 
-0.965926, -0.258819, -0.0, 
-1, 0.0, -0.0, 
-1, 0.0, -0.0, 
-0.965926, -0.258819, -0.0, 
-0.965926, -0.258819, -0.0, 
-0.965926, -0.258819, -0.0, 
-0.866025, -0.5, -0.0, 
-0.965926, -0.258819, -0.0, 
-0.965926, -0.258819, -0.0, 
-0.866025, -0.5, -0.0, 
-0.866025, -0.5, -0.0, 
-0.866025, -0.5, -0.0, 
-0.707107, -0.707107, -0.0, 
-0.866025, -0.5, -0.0, 
-0.866025, -0.5, -0.0, 
-0.707107, -0.707107, -0.0, 
-0.707107, -0.707107, -0.0, 
-0.707107, -0.707107, -0.0, 
-0.5, -0.866025, -0.0, 
-0.707107, -0.707107, -0.0, 
-0.707107, -0.707107, -0.0, 
-0.5, -0.866025, -0.0, 
-0.5, -0.866025, -0.0, 
-0.5, -0.866025, -0.0, 
-0.258819, -0.965926, -0.0, 
-0.5, -0.866025, -0.0, 
-0.5, -0.866025, -0.0, 
-0.258819, -0.965926, -0.0, 
-0.258819, -0.965926, -0.0, 
-0.258819, -0.965926, -0.0, 
-0.0, -1, -0.0, 
-0.258819, -0.965926, -0.0, 
-0.258819, -0.965926, -0.0, 
-0.0, -1, -0.0, 
-0.0, -1, -0.0, 
-0.0, -1, -0.0, 
0.258819, -0.965926, 0.0, 
-0.0, -1, -0.0, 
-0.0, -1, -0.0, 
0.258819, -0.965926, 0.0, 
0.258819, -0.965926, 0.0, 
0.258819, -0.965926, 0.0, 
0.5, -0.866025, 0.0, 
0.258819, -0.965926, 0.0, 
0.258819, -0.965926, 0.0, 
0.5, -0.866025, 0.0, 
0.5, -0.866025, 0.0, 
0.5, -0.866025, 0.0, 
0.707107, -0.707107, 0.0, 
0.5, -0.866025, 0.0, 
0.5, -0.866025, 0.0, 
0.707107, -0.707107, 0.0, 
0.707107, -0.707107, 0.0, 
0.707107, -0.707107, 0.0, 
0.866025, -0.5, 0.0, 
0.707107, -0.707107, 0.0, 
0.707107, -0.707107, 0.0, 
0.866025, -0.5, 0.0, 
0.866025, -0.5, 0.0, 
0.866025, -0.5, 0.0, 
0.965926, -0.258819, 0.0, 
0.866025, -0.5, 0.0, 
0.866025, -0.5, 0.0, 
0.965926, -0.258819, 0.0, 
0.965926, -0.258819, 0.0, 
0.965926, -0.258819, 0.0, 
1, 0.0, 0.0, 
0.965926, -0.258819, 0.0, 
0.965926, -0.258819, 0.0, 
1, 0.0, 0.0, 
1, 0.0, 0.0, 
1, 0.0, 0.0, 
0.965926, 0.258819, 0.0, 
1, 0.0, 0.0, 
1, 0.0, 0.0, 
0.965926, 0.258819, 0.0, 
0.965926, 0.258819, 0.0, 
0.965926, 0.258819, 0.0, 
0.866025, 0.5, 0.0, 
0.965926, 0.258819, 0.0, 
0.965926, 0.258819, 0.0, 
0.866025, 0.5, 0.0, 
0.866025, 0.5, 0.0, 
0.866025, 0.5, 0.0, 
0.707107, 0.707107, 0.0, 
0.866025, 0.5, 0.0, 
0.866025, 0.5, 0.0, 
0.707107, 0.707107, 0.0, 
0.707107, 0.707107, 0.0, 
0.707107, 0.707107, 0.0, 
0.5, 0.866025, 0.0, 
0.707107, 0.707107, 0.0, 
0.707107, 0.707107, 0.0, 
0.5, 0.866025, 0.0, 
0.5, 0.866025, 0.0, 
0.5, 0.866025, 0.0, 
0.258819, 0.965926, 0.0, 
0.5, 0.866025, 0.0, 
0.5, 0.866025, 0.0, 
0.258819, 0.965926, 0.0, 
0.258819, 0.965926, 0.0, 
0.258819, 0.965926, 0.0, 
-0.0, 1, -0.0, 
0.258819, 0.965926, 0.0, 
0.258819, 0.965926, 0.0, 
-0.0, 1, -0.0, 
-0.0, 1, -0.0, 
-0.0, 1, -0.0, 
-0.258819, 0.965926, -0.0, 
-0.0, 1, -0.0, 
-0.0, 1, -0.0, 
-0.258819, 0.965926, -0.0, 
-0.258819, 0.965926, -0.0, 
-0.258819, 0.965926, -0.0, 
-0.5, 0.866025, -0.0, 
-0.258819, 0.965926, -0.0, 
-0.258819, 0.965926, -0.0, 
-0.5, 0.866025, -0.0, 
-0.5, 0.866025, -0.0, 
-0.5, 0.866025, -0.0, 
-0.707107, 0.707107, -0.0, 
-0.5, 0.866025, -0.0, 
-0.5, 0.866025, -0.0, 
-0.707107, 0.707107, -0.0, 
-0.707107, 0.707107, -0.0, 
0.0, 0.0, 1, 
0.0, 0.0, 1, 
0.0, 0.0, 1, 
0.0, 0.0, 1, 
0.0, 0.0, 1, 
0.0, 0.0, 1, 
0.0, 0.0, 1, 
0.0, 0.0, 1, 
0.0, 0.0, 1, 
0.0, 0.0, 1, 
0.0, 0.0, 1, 
0.0, 0.0, 1, 
0.0, 0.0, 1, 
0.0, 0.0, 1, 
0.0, 0.0, 1, 
0.0, 0.0, 1, 
0.0, 0.0, 1, 
0.0, 0.0, 1, 
0.0, 0.0, 1, 
0.0, 0.0, 1, 
0.0, 0.0, 1, 
0.0, 0.0, 1, 
0.0, 0.0, 1, 
0.0, 0.0, 1, 
0.0, 0.0, 1, 
0.0, 0.0, 1, 
0.0, 0.0, 1, 
0.0, 0.0, 1, 
0.0, 0.0, 1, 
0.0, 0.0, 1, 
0.0, 0.0, 1, 
0.0, 0.0, 1, 
0.0, 0.0, 1, 
0.0, 0.0, 1, 
0.0, 0.0, 1, 
0.0, 0.0, 1, 
0.0, 0.0, 1, 
0.0, 0.0, 1, 
0.0, 0.0, 1, 
0.0, 0.0, 1, 
0.0, 0.0, 1, 
0.0, 0.0, 1, 
0.0, 0.0, 1, 
0.0, 0.0, 1, 
0.0, 0.0, 1, 
0.0, 0.0, 1, 
0.0, 0.0, 1, 
0.0, 0.0, 1, 
0.0, 0.0, 1, 
0.0, 0.0, 1, 
0.0, 0.0, 1, 
0.0, 0.0, 1, 
0.0, 0.0, 1, 
0.0, 0.0, 1, 
0.0, 0.0, 1, 
0.0, 0.0, 1, 
0.0, 0.0, 1, 
0.0, 0.0, 1, 
0.0, 0.0, 1, 
0.0, 0.0, 1, 
0.0, 0.0, 1, 
0.0, 0.0, 1, 
0.0, 0.0, 1, 
0.0, 0.0, 1, 
0.0, 0.0, 1, 
0.0, 0.0, 1, 
0.0, 0.0, -1, 
0.0, 0.0, -1, 
0.0, 0.0, -1, 
0.0, 0.0, -1, 
0.0, 0.0, -1, 
0.0, 0.0, -1, 
0.0, 0.0, -1, 
0.0, 0.0, -1, 
0.0, 0.0, -1, 
0.0, 0.0, -1, 
0.0, 0.0, -1, 
0.0, 0.0, -1, 
0.0, 0.0, -1, 
0.0, 0.0, -1, 
0.0, 0.0, -1, 
0.0, 0.0, -1, 
0.0, 0.0, -1, 
0.0, 0.0, -1, 
0.0, 0.0, -1, 
0.0, 0.0, -1, 
0.0, 0.0, -1, 
0.0, 0.0, -1, 
0.0, 0.0, -1, 
0.0, 0.0, -1, 
0.0, 0.0, -1, 
0.0, 0.0, -1, 
0.0, 0.0, -1, 
0.0, 0.0, -1, 
0.0, 0.0, -1, 
0.0, 0.0, -1, 
0.0, 0.0, -1, 
0.0, 0.0, -1, 
0.0, 0.0, -1, 
0.0, 0.0, -1, 
0.0, 0.0, -1, 
0.0, 0.0, -1, 
0.0, 0.0, -1, 
0.0, 0.0, -1, 
0.0, 0.0, -1, 
0.0, 0.0, -1, 
0.0, 0.0, -1, 
0.0, 0.0, -1, 
0.0, 0.0, -1, 
0.0, 0.0, -1, 
0.0, 0.0, -1, 
0.0, 0.0, -1, 
0.0, 0.0, -1, 
0.0, 0.0, -1, 
0.258819, -0.965926, -0.0, 
-0.0, -1, 0.0, 
0.258819, -0.965926, -0.0, 
0.258819, -0.965926, -0.0, 
-0.0, -1, 0.0, 
-0.0, -1, 0.0, 
-0.0, -1, 0.0, 
-0.258819, -0.965926, 0.0, 
-0.0, -1, 0.0, 
-0.0, -1, 0.0, 
-0.258819, -0.965926, 0.0, 
-0.258819, -0.965926, 0.0, 
-0.258819, -0.965926, 0.0, 
-0.5, -0.866025, 0.0, 
-0.258819, -0.965926, 0.0, 
-0.258819, -0.965926, 0.0, 
-0.5, -0.866025, 0.0, 
-0.5, -0.866025, 0.0, 
-0.5, -0.866025, 0.0, 
-0.707107, -0.707107, 0.0, 
-0.5, -0.866025, 0.0, 
-0.5, -0.866025, 0.0, 
-0.707107, -0.707107, 0.0, 
-0.707107, -0.707107, 0.0, 
-0.707107, -0.707107, 0.0, 
-0.866025, -0.5, 0.0, 
-0.707107, -0.707107, 0.0, 
-0.707107, -0.707107, 0.0, 
-0.866025, -0.5, 0.0, 
-0.866025, -0.5, 0.0, 
-0.866025, -0.5, 0.0, 
-0.965926, -0.258819, 0.0, 
-0.866025, -0.5, 0.0, 
-0.866025, -0.5, 0.0, 
-0.965926, -0.258819, 0.0, 
-0.965926, -0.258819, 0.0, 
-0.965926, -0.258819, 0.0, 
-1, 0.0, 0.0, 
-0.965926, -0.258819, 0.0, 
-0.965926, -0.258819, 0.0, 
-1, 0.0, 0.0, 
-1, 0.0, 0.0, 
-1, 0.0, 0.0, 
-0.965926, 0.258819, 0.0, 
-1, 0.0, 0.0, 
-1, 0.0, 0.0, 
-0.965926, 0.258819, 0.0, 
-0.965926, 0.258819, 0.0, 
-0.965926, 0.258819, 0.0, 
-0.866025, 0.5, 0.0, 
-0.965926, 0.258819, 0.0, 
-0.965926, 0.258819, 0.0, 
-0.866025, 0.5, 0.0, 
-0.866025, 0.5, 0.0, 
-0.866025, 0.5, 0.0, 
-0.707107, 0.707107, 0.0, 
-0.866025, 0.5, 0.0, 
-0.866025, 0.5, 0.0, 
-0.707107, 0.707107, 0.0, 
-0.707107, 0.707107, 0.0, 
0.0, 0.0, -1, 
0.0, 0.0, -1, 
0.0, 0.0, -1, 
0.0, 0.0, -1, 
0.0, 0.0, -1, 
0.0, 0.0, -1, 
0.0, 0.0, -1, 
0.0, 0.0, -1, 
0.0, 0.0, -1, 
0.0, 0.0, -1, 
0.0, 0.0, -1, 
0.0, 0.0, -1, 
0.0, 0.0, -1, 
0.0, 0.0, -1, 
0.0, 0.0, -1, 
0.0, 0.0, -1, 
0.0, 0.0, -1, 
0.0, 0.0, -1, 
0.0, 0.0, -1, 
0.0, 0.0, -1, 
0.0, 0.0, -1, 
0.0, 0.0, -1, 
0.0, 0.0, -1, 
0.0, 0.0, -1, 
0.707107, 0.707107, -0.0, 
0.866025, 0.5, -0.0, 
0.707107, 0.707107, -0.0, 
0.707107, 0.707107, -0.0, 
0.866025, 0.5, -0.0, 
0.866025, 0.5, -0.0, 
0.866025, 0.5, -0.0, 
0.965926, 0.258819, -0.0, 
0.866025, 0.5, -0.0, 
0.866025, 0.5, -0.0, 
0.965926, 0.258819, -0.0, 
0.965926, 0.258819, -0.0, 
0.965926, 0.258819, -0.0, 
1, 0.0, -0.0, 
0.965926, 0.258819, -0.0, 
0.965926, 0.258819, -0.0, 
1, 0.0, -0.0, 
1, 0.0, -0.0, 
1, 0.0, -0.0, 
0.965926, -0.258819, -0.0, 
1, 0.0, -0.0, 
1, 0.0, -0.0, 
0.965926, -0.258819, -0.0, 
0.965926, -0.258819, -0.0, 
0.965926, -0.258819, -0.0, 
0.866025, -0.5, -0.0, 
0.965926, -0.258819, -0.0, 
0.965926, -0.258819, -0.0, 
0.866025, -0.5, -0.0, 
0.866025, -0.5, -0.0, 
0.866025, -0.5, -0.0, 
0.707107, -0.707107, -0.0, 
0.866025, -0.5, -0.0, 
0.866025, -0.5, -0.0, 
0.707107, -0.707107, -0.0, 
0.707107, -0.707107, -0.0, 
0.707107, -0.707107, -0.0, 
0.5, -0.866025, -0.0, 
0.707107, -0.707107, -0.0, 
0.707107, -0.707107, -0.0, 
0.5, -0.866025, -0.0, 
0.5, -0.866025, -0.0, 
0.5, -0.866025, -0.0, 
0.258819, -0.965926, -0.0, 
0.5, -0.866025, -0.0, 
0.5, -0.866025, -0.0, 
0.258819, -0.965926, -0.0, 
0.258819, -0.965926, -0.0, 
0.0, 0.0, -1, 
0.0, 0.0, -1, 
0.0, 0.0, -1, 
0.0, 0.0, -1, 
0.0, 0.0, -1, 
0.0, 0.0, -1, 
0.0, 0.0, -1, 
0.0, 0.0, -1, 
0.0, 0.0, -1, 
0.0, 0.0, -1, 
0.0, 0.0, -1, 
0.0, 0.0, -1, 
0.0, 0.0, -1, 
0.0, 0.0, -1, 
0.0, 0.0, -1, 
0.0, 0.0, -1, 
0.0, 0.0, -1, 
0.0, 0.0, -1, 
0.0, 0.0, -1, 
0.0, 0.0, -1, 
0.0, 0.0, -1, 
0.0, 0.0, -1, 
0.0, 0.0, -1, 
0.0, 0.0, -1, 
0.0, 0.0, -1, 
0.0, 0.0, -1, 
0.0, 0.0, -1, 
0.0, 0.0, -1, 
0.0, 0.0, -1, 
0.0, 0.0, -1, 
0.0, 0.0, -1, 
0.0, 0.0, -1, 
0.0, 0.0, -1, 
0.0, 0.0, -1, 
0.0, 0.0, -1, 
0.0, 0.0, -1, 
0.0, 0.0, -1, 
0.0, 0.0, -1, 
0.0, 0.0, -1, 
0.0, 0.0, -1, 
0.0, 0.0, -1, 
0.0, 0.0, -1, 
0.0, 0.0, -1, 
0.0, 0.0, -1, 
0.0, 0.0, -1, 
0.0, 0.0, -1, 
0.0, 0.0, -1, 
0.0, 0.0, -1, 
0.0, 0.0, -1, 
0.0, 0.0, -1, 
0.0, 0.0, -1, 
0.0, 0.0, -1, 
0.0, 0.0, -1, 
0.0, 0.0, -1, 
0.0, 0.0, -1, 
0.0, 0.0, -1, 
0.0, 0.0, -1, 
0.0, 0.0, -1, 
0.0, 0.0, -1, 
0.0, 0.0, -1, 
0.0, 0.0, -1, 
0.0, 0.0, -1, 
0.0, 0.0, -1, 
0.0, 0.0, -1, 
0.0, 0.0, -1, 
0.0, 0.0, -1, 
-0.707107, 0.707107, 0.0, 
-0.5, 0.866025, 0.0, 
-0.707107, 0.707107, 0.0, 
-0.707107, 0.707107, 0.0, 
-0.5, 0.866025, 0.0, 
-0.5, 0.866025, 0.0, 
-0.5, 0.866025, 0.0, 
-0.258819, 0.965926, 0.0, 
-0.5, 0.866025, 0.0, 
-0.5, 0.866025, 0.0, 
-0.258819, 0.965926, 0.0, 
-0.258819, 0.965926, 0.0, 
-0.258819, 0.965926, 0.0, 
-0.0, 1, 0.0, 
-0.258819, 0.965926, 0.0, 
-0.258819, 0.965926, 0.0, 
-0.0, 1, 0.0, 
-0.0, 1, 0.0, 
-0.0, 1, 0.0, 
0.258819, 0.965926, -0.0, 
-0.0, 1, 0.0, 
-0.0, 1, 0.0, 
0.258819, 0.965926, -0.0, 
0.258819, 0.965926, -0.0, 
0.258819, 0.965926, -0.0, 
0.5, 0.866025, -0.0, 
0.258819, 0.965926, -0.0, 
0.258819, 0.965926, -0.0, 
0.5, 0.866025, -0.0, 
0.5, 0.866025, -0.0, 
0.5, 0.866025, -0.0, 
0.707107, 0.707107, -0.0, 
0.5, 0.866025, -0.0, 
0.5, 0.866025, -0.0, 
0.707107, 0.707107, -0.0, 
0.707107, 0.707107, -0.0, 
0.161487, -0.986875, -0.0, 
-0.099438, -0.995044, 0.0, 
0.161487, -0.986875, -0.0, 
0.161487, -0.986875, -0.0, 
-0.099438, -0.995044, 0.0, 
-0.099438, -0.995044, 0.0, 
-0.099438, -0.995044, 0.0, 
-0.353586, -0.935402, 0.0, 
-0.099438, -0.995044, 0.0, 
-0.099438, -0.995044, 0.0, 
-0.353586, -0.935402, 0.0, 
-0.353586, -0.935402, 0.0, 
-0.353586, -0.935402, 0.0, 
-0.583638, -0.812014, 0.0, 
-0.353586, -0.935402, 0.0, 
-0.353586, -0.935402, 0.0, 
-0.583638, -0.812014, 0.0, 
-0.583638, -0.812014, 0.0, 
-0.583638, -0.812014, 0.0, 
-0.773915, -0.633289, 0.0, 
-0.583638, -0.812014, 0.0, 
-0.583638, -0.812014, 0.0, 
-0.773915, -0.633289, 0.0, 
-0.773915, -0.633289, 0.0, 
-0.773915, -0.633289, 0.0, 
-0.911452, -0.411406, 0.0, 
-0.773915, -0.633289, 0.0, 
-0.773915, -0.633289, 0.0, 
-0.911452, -0.411406, 0.0, 
-0.911452, -0.411406, 0.0, 
-0.911452, -0.411406, 0.0, 
-0.986875, -0.161487, 0.0, 
-0.911452, -0.411406, 0.0, 
-0.911452, -0.411406, 0.0, 
-0.986875, -0.161487, 0.0, 
-0.986875, -0.161487, 0.0, 
-0.986875, -0.161487, 0.0, 
-0.995044, 0.099438, 0.0, 
-0.986875, -0.161487, 0.0, 
-0.986875, -0.161487, 0.0, 
-0.995044, 0.099438, 0.0, 
-0.995044, 0.099438, 0.0, 
-0.995044, 0.099438, 0.0, 
-0.935402, 0.353586, 0.0, 
-0.995044, 0.099438, 0.0, 
-0.995044, 0.099438, 0.0, 
-0.935402, 0.353586, 0.0, 
-0.935402, 0.353586, 0.0, 
-0.935402, 0.353586, 0.0, 
-0.812014, 0.583638, 0.0, 
-0.935402, 0.353586, 0.0, 
-0.935402, 0.353586, 0.0, 
-0.812014, 0.583638, 0.0, 
-0.812014, 0.583638, 0.0, 
-0.812014, 0.583638, 0.0, 
-0.633289, 0.773915, 0.0, 
-0.812014, 0.583638, 0.0, 
-0.812014, 0.583638, 0.0, 
-0.633289, 0.773915, 0.0, 
-0.633289, 0.773915, 0.0, 
-0.633289, 0.773915, 0.0, 
-0.411406, 0.911452, 0.0, 
-0.633289, 0.773915, 0.0, 
-0.633289, 0.773915, 0.0, 
-0.411406, 0.911452, 0.0, 
-0.411406, 0.911452, 0.0, 
-0.411406, 0.911452, 0.0, 
-0.161487, 0.986875, 0.0, 
-0.411406, 0.911452, 0.0, 
-0.411406, 0.911452, 0.0, 
-0.161487, 0.986875, 0.0, 
-0.161487, 0.986875, 0.0, 
-0.161487, 0.986875, 0.0, 
0.099438, 0.995044, -0.0, 
-0.161487, 0.986875, 0.0, 
-0.161487, 0.986875, 0.0, 
0.099438, 0.995044, -0.0, 
0.099438, 0.995044, -0.0, 
0.099438, 0.995044, -0.0, 
0.353586, 0.935402, -0.0, 
0.099438, 0.995044, -0.0, 
0.099438, 0.995044, -0.0, 
0.353586, 0.935402, -0.0, 
0.353586, 0.935402, -0.0, 
0.353586, 0.935402, -0.0, 
0.583638, 0.812014, -0.0, 
0.353586, 0.935402, -0.0, 
0.353586, 0.935402, -0.0, 
0.583638, 0.812014, -0.0, 
0.583638, 0.812014, -0.0, 
0.583638, 0.812014, -0.0, 
0.773915, 0.633289, -0.0, 
0.583638, 0.812014, -0.0, 
0.583638, 0.812014, -0.0, 
0.773915, 0.633289, -0.0, 
0.773915, 0.633289, -0.0, 
0.773915, 0.633289, -0.0, 
0.911452, 0.411406, -0.0, 
0.773915, 0.633289, -0.0, 
0.773915, 0.633289, -0.0, 
0.911452, 0.411406, -0.0, 
0.911452, 0.411406, -0.0, 
0.911452, 0.411406, -0.0, 
0.986875, 0.161487, -0.0, 
0.911452, 0.411406, -0.0, 
0.911452, 0.411406, -0.0, 
0.986875, 0.161487, -0.0, 
0.986875, 0.161487, -0.0, 
0.986875, 0.161487, -0.0, 
0.995044, -0.099438, -0.0, 
0.986875, 0.161487, -0.0, 
0.986875, 0.161487, -0.0, 
0.995044, -0.099438, -0.0, 
0.995044, -0.099438, -0.0, 
0.995044, -0.099438, -0.0, 
0.935402, -0.353586, -0.0, 
0.995044, -0.099438, -0.0, 
0.995044, -0.099438, -0.0, 
0.935402, -0.353586, -0.0, 
0.935402, -0.353586, -0.0, 
0.935402, -0.353586, -0.0, 
0.812014, -0.583638, -0.0, 
0.935402, -0.353586, -0.0, 
0.935402, -0.353586, -0.0, 
0.812014, -0.583638, -0.0, 
0.812014, -0.583638, -0.0, 
0.812014, -0.583638, -0.0, 
0.633289, -0.773915, -0.0, 
0.812014, -0.583638, -0.0, 
0.812014, -0.583638, -0.0, 
0.633289, -0.773915, -0.0, 
0.633289, -0.773915, -0.0, 
0.633289, -0.773915, -0.0, 
0.411406, -0.911452, -0.0, 
0.633289, -0.773915, -0.0, 
0.633289, -0.773915, -0.0, 
0.411406, -0.911452, -0.0, 
0.411406, -0.911452, -0.0, 
0.411406, -0.911452, -0.0, 
0.161487, -0.986875, -0.0, 
0.411406, -0.911452, -0.0, 
0.411406, -0.911452, -0.0, 
0.161487, -0.986875, -0.0, 
0.161487, -0.986875, -0.0, 
0.0, 0.0, -1, 
0.0, 0.0, -1, 
0.0, 0.0, -1, 
0.0, 0.0, -1, 
0.0, 0.0, -1, 
0.0, 0.0, -1, 
0.0, 0.0, -1, 
0.0, 0.0, -1, 
0.0, 0.0, -1, 
0.0, 0.0, -1, 
0.0, 0.0, -1, 
0.0, 0.0, -1, 
0.0, 0.0, -1, 
0.0, 0.0, -1, 
0.0, 0.0, -1, 
0.0, 0.0, -1, 
0.0, 0.0, -1, 
0.0, 0.0, -1, 
0.0, 0.0, -1, 
0.0, 0.0, -1, 
0.0, 0.0, -1, 
0.0, 0.0, -1, 
0.0, 0.0, -1, 
0.0, 0.0, -1, 
0.0, 0.0, -1, 
0.0, 0.0, -1, 
0.0, 0.0, -1, 
0.0, 0.0, -1, 
0.0, 0.0, -1, 
0.0, 0.0, -1, 
0.0, 0.0, -1, 
0.0, 0.0, -1, 
0.0, 0.0, -1, 
0.0, 0.0, -1, 
0.0, 0.0, -1, 
0.0, 0.0, -1, 
0.0, 0.0, -1, 
0.0, 0.0, -1, 
0.0, 0.0, -1, 
0.0, 0.0, -1, 
0.0, 0.0, -1, 
0.0, 0.0, -1, 
0.0, 0.0, -1, 
0.0, 0.0, -1, 
0.0, 0.0, -1, 
0.0, 0.0, -1, 
0.0, 0.0, -1, 
0.0, 0.0, -1, 
0.0, 0.0, -1, 
0.0, 0.0, -1, 
0.0, 0.0, -1, 
0.0, 0.0, -1, 
0.0, 0.0, -1, 
0.0, 0.0, -1, 
0.0, 0.0, -1, 
0.0, 0.0, -1, 
0.0, 0.0, -1, 
0.0, 0.0, -1, 
0.0, 0.0, -1, 
0.0, 0.0, -1, 
0.0, 0.0, -1, 
0.0, 0.0, -1, 
0.0, 0.0, -1, 
0.0, 0.0, -1, 
0.0, 0.0, -1, 
0.0, 0.0, -1, 
