V
0.535448, 0.80718, -0.093872, 
0.412776, 0.80718, -0.093872, 
0.535448, 1.15518, -0.093872, 
0.535448, 1.15518, -0.093872, 
0.412776, 0.80718, -0.093872, 
0.412776, 1.15518, -0.093872, 
0.535448, 0.80718, -0.093872, 
0.473956, 0.02764, -0.087291, 
0.412776, 0.80718, -0.093872, 
0.535448, 0.80718, -0.093872, 
0.478056, 0.026852, -0.087284, 
0.473956, 0.02764, -0.087291, 
0.535448, 0.80718, -0.093872, 
0.481816, 0.025032, -0.087269, 
0.478056, 0.026852, -0.087284, 
0.535448, 0.80718, -0.093872, 
0.484976, 0.0223, -0.087246, 
0.481816, 0.025032, -0.087269, 
0.535448, 0.80718, -0.093872, 
0.48732, 0.018844, -0.087217, 
0.484976, 0.0223, -0.087246, 
0.535448, 0.80718, -0.093872, 
0.488692, 0.0149, -0.087184, 
0.48732, 0.018844, -0.087217, 
0.535448, 0.80718, -0.093872, 
0.488992, 0.010732, -0.087148, 
0.488692, 0.0149, -0.087184, 
0.535448, -1, -0.078616, 
0.488992, 0.010732, -0.087148, 
0.535448, 0.80718, -0.093872, 
0.488992, 0.010732, -0.087148, 
0.535448, -1, -0.078616, 
0.488208, 0.006632, -0.087114, 
0.488208, 0.006632, -0.087114, 
0.535448, -1, -0.078616, 
0.486384, 0.002872, -0.087082, 
0.486384, 0.002872, -0.087082, 
0.535448, -1, -0.078616, 
0.483652, -0.000288, -0.087055, 
0.483652, -0.000288, -0.087055, 
0.535448, -1, -0.078616, 
0.480196, -0.002632, -0.087036, 
0.480196, -0.002632, -0.087036, 
0.535448, -1, -0.078616, 
0.476252, -0.004004, -0.087024, 
0.476252, -0.004004, -0.087024, 
0.535448, -1, -0.078616, 
0.472084, -0.004304, -0.087022, 
0.535448, -1, -0.078616, 
0.467984, -0.00352, -0.087028, 
0.472084, -0.004304, -0.087022, 
0.535448, -1, -0.078616, 
0.464224, -0.001696, -0.087044, 
0.467984, -0.00352, -0.087028, 
0.535448, -1, -0.078616, 
0.461064, 0.001032, -0.087066, 
0.464224, -0.001696, -0.087044, 
0.535448, -1, -0.078616, 
0.45872, 0.004492, -0.087096, 
0.461064, 0.001032, -0.087066, 
0.535448, -1, -0.078616, 
0.457348, 0.008436, -0.087129, 
0.45872, 0.004492, -0.087096, 
0.412776, -1, -0.078616, 
0.457348, 0.008436, -0.087129, 
0.535448, -1, -0.078616, 
0.457348, 0.008436, -0.087129, 
0.412776, -1, -0.078616, 
0.457048, 0.0126, -0.087164, 
0.457048, 0.0126, -0.087164, 
0.412776, -1, -0.078616, 
0.412776, 0.80718, -0.093872, 
0.412776, -1, 0.03625, 
0.412776, 0.80718, 0.020994, 
0.412776, -1, -0.078616, 
0.412776, -1, -0.078616, 
0.412776, 0.80718, 0.020994, 
0.412776, 0.80718, -0.093872, 
0.412776, 0.80718, 0.020994, 
0.412776, 1.15518, 0.020994, 
0.412776, 0.80718, -0.093872, 
0.412776, 1.15518, 0.020994, 
0.412776, 1.15518, -0.093872, 
0.412776, 0.80718, -0.093872, 
0.412776, -1, -0.078616, 
0.535448, -1, -0.078616, 
0.412776, -1, 0.03625, 
0.412776, -1, 0.03625, 
0.535448, -1, -0.078616, 
0.535448, -1, 0.03625, 
0.535448, -1, 0.03625, 
0.535448, -1, -0.078616, 
0.535448, 0.80718, 0.020994, 
0.535448, -1, -0.078616, 
0.535448, 0.80718, -0.093872, 
0.535448, 0.80718, 0.020994, 
0.535448, 0.80718, -0.093872, 
0.535448, 1.15518, -0.093872, 
0.535448, 0.80718, 0.020994, 
0.535448, 1.15518, -0.093872, 
0.535448, 1.15518, 0.020994, 
0.535448, 0.80718, 0.020994, 
0.412776, 1.15518, 0.020994, 
0.535448, 1.15518, 0.020994, 
0.412776, 1.15518, -0.093872, 
0.412776, 1.15518, -0.093872, 
0.535448, 1.15518, 0.020994, 
0.535448, 1.15518, -0.093872, 
0.412776, 0.80718, 0.020994, 
0.535448, 0.80718, 0.020994, 
0.412776, 1.15518, 0.020994, 
0.412776, 1.15518, 0.020994, 
0.535448, 0.80718, 0.020994, 
0.535448, 1.15518, 0.020994, 
0.488992, 0.0117, 0.027608, 
0.535448, 0.80718, 0.020994, 
0.488692, 0.015868, 0.027572, 
0.457048, 0.013572, 0.027592, 
0.457832, 0.017672, 0.027557, 
0.412776, 0.80718, 0.020994, 
0.488692, 0.015868, 0.027572, 
0.535448, 0.80718, 0.020994, 
0.48732, 0.019812, 0.027539, 
0.457832, 0.017672, 0.027557, 
0.459656, 0.021432, 0.027526, 
0.412776, 0.80718, 0.020994, 
0.48732, 0.019812, 0.027539, 
0.535448, 0.80718, 0.020994, 
0.484976, 0.023268, 0.02751, 
0.459656, 0.021432, 0.027526, 
0.462388, 0.024592, 0.027499, 
0.412776, 0.80718, 0.020994, 
0.484976, 0.023268, 0.02751, 
0.535448, 0.80718, 0.020994, 
0.481816, 0.026, 0.027487, 
0.462388, 0.024592, 0.027499, 
0.465844, 0.026936, 0.027479, 
0.412776, 0.80718, 0.020994, 
0.481816, 0.026, 0.027487, 
0.535448, 0.80718, 0.020994, 
0.478056, 0.02782, 0.027472, 
0.465844, 0.026936, 0.027479, 
0.469788, 0.028304, 0.027468, 
0.412776, 0.80718, 0.020994, 
0.478056, 0.02782, 0.027472, 
0.535448, 0.80718, 0.020994, 
0.473956, 0.028608, 0.027465, 
0.469788, 0.028304, 0.027468, 
0.473956, 0.028608, 0.027465, 
0.412776, 0.80718, 0.020994, 
0.535448, 0.80718, 0.020994, 
0.412776, 0.80718, 0.020994, 
0.473956, 0.028608, 0.027465, 
0.535448, 0.80718, 0.020994, 
0.488992, 0.0117, 0.027608, 
0.535448, -1, 0.03625, 
0.457048, 0.013572, 0.027592, 
0.412776, -1, 0.03625, 
0.457348, 0.009404, 0.027627, 
0.488992, 0.0117, 0.027608, 
0.488208, 0.0076, 0.027642, 
0.535448, -1, 0.03625, 
0.457348, 0.009404, 0.027627, 
0.412776, -1, 0.03625, 
0.45872, 0.00546, 0.02766, 
0.488208, 0.0076, 0.027642, 
0.486384, 0.00384, 0.027674, 
0.535448, -1, 0.03625, 
0.45872, 0.00546, 0.02766, 
0.412776, -1, 0.03625, 
0.461064, 0.002004, 0.02769, 
0.486384, 0.00384, 0.027674, 
0.483652, 0.00068, 0.027701, 
0.535448, -1, 0.03625, 
0.461064, 0.002004, 0.02769, 
0.412776, -1, 0.03625, 
0.464224, -0.000728, 0.027713, 
0.483652, 0.00068, 0.027701, 
0.480196, -0.001664, 0.02772, 
0.535448, -1, 0.03625, 
0.464224, -0.000728, 0.027713, 
0.412776, -1, 0.03625, 
0.467984, -0.002552, 0.027728, 
0.480196, -0.001664, 0.02772, 
0.476252, -0.003032, 0.027732, 
0.535448, -1, 0.03625, 
0.467984, -0.002552, 0.027728, 
0.412776, -1, 0.03625, 
0.472084, -0.003336, 0.027735, 
0.476252, -0.003032, 0.027732, 
0.472084, -0.003336, 0.027735, 
0.535448, -1, 0.03625, 
0.412776, -1, 0.03625, 
0.535448, -1, 0.03625, 
0.472084, -0.003336, 0.027735, 
0.412776, 0.80718, 0.020994, 
0.412776, -1, 0.03625, 
0.457048, 0.013572, 0.027592, 
0.488208, 0.0076, 0.027642, 
0.488992, 0.0117, 0.027608, 
0.488208, 0.006632, -0.087114, 
0.488208, 0.006632, -0.087114, 
0.488992, 0.0117, 0.027608, 
0.488992, 0.010732, -0.087148, 
0.488992, 0.0117, 0.027608, 
0.488692, 0.015868, 0.027572, 
0.488992, 0.010732, -0.087148, 
0.488992, 0.010732, -0.087148, 
0.488692, 0.015868, 0.027572, 
0.488692, 0.0149, -0.087184, 
0.488692, 0.015868, 0.027572, 
0.48732, 0.019812, 0.027539, 
0.488692, 0.0149, -0.087184, 
0.488692, 0.0149, -0.087184, 
0.48732, 0.019812, 0.027539, 
0.48732, 0.018844, -0.087217, 
0.48732, 0.019812, 0.027539, 
0.484976, 0.023268, 0.02751, 
0.48732, 0.018844, -0.087217, 
0.48732, 0.018844, -0.087217, 
0.484976, 0.023268, 0.02751, 
0.484976, 0.0223, -0.087246, 
0.484976, 0.023268, 0.02751, 
0.481816, 0.026, 0.027487, 
0.484976, 0.0223, -0.087246, 
0.484976, 0.0223, -0.087246, 
0.481816, 0.026, 0.027487, 
0.481816, 0.025032, -0.087269, 
0.481816, 0.026, 0.027487, 
0.478056, 0.02782, 0.027472, 
0.481816, 0.025032, -0.087269, 
0.481816, 0.025032, -0.087269, 
0.478056, 0.02782, 0.027472, 
0.478056, 0.026852, -0.087284, 
0.478056, 0.02782, 0.027472, 
0.473956, 0.028608, 0.027465, 
0.478056, 0.026852, -0.087284, 
0.478056, 0.026852, -0.087284, 
0.473956, 0.028608, 0.027465, 
0.473956, 0.02764, -0.087291, 
0.473956, 0.028608, 0.027465, 
0.469788, 0.028304, 0.027468, 
0.473956, 0.02764, -0.087291, 
0.473956, 0.02764, -0.087291, 
0.469788, 0.028304, 0.027468, 
0.469788, 0.027336, -0.087288, 
0.469788, 0.028304, 0.027468, 
0.465844, 0.026936, 0.027479, 
0.469788, 0.027336, -0.087288, 
0.469788, 0.027336, -0.087288, 
0.465844, 0.026936, 0.027479, 
0.465844, 0.025968, -0.087277, 
0.465844, 0.026936, 0.027479, 
0.462388, 0.024592, 0.027499, 
0.465844, 0.025968, -0.087277, 
0.465844, 0.025968, -0.087277, 
0.462388, 0.024592, 0.027499, 
0.462388, 0.02362, -0.087257, 
0.462388, 0.024592, 0.027499, 
0.459656, 0.021432, 0.027526, 
0.462388, 0.02362, -0.087257, 
0.462388, 0.02362, -0.087257, 
0.459656, 0.021432, 0.027526, 
0.459656, 0.020464, -0.08723, 
0.459656, 0.021432, 0.027526, 
0.457832, 0.017672, 0.027557, 
0.459656, 0.020464, -0.08723, 
0.459656, 0.020464, -0.08723, 
0.457832, 0.017672, 0.027557, 
0.457832, 0.016704, -0.087199, 
0.457832, 0.017672, 0.027557, 
0.457048, 0.013572, 0.027592, 
0.457832, 0.016704, -0.087199, 
0.457832, 0.016704, -0.087199, 
0.457048, 0.013572, 0.027592, 
0.457048, 0.0126, -0.087164, 
0.457048, 0.013572, 0.027592, 
0.457348, 0.009404, 0.027627, 
0.457048, 0.0126, -0.087164, 
0.457048, 0.0126, -0.087164, 
0.457348, 0.009404, 0.027627, 
0.457348, 0.008436, -0.087129, 
0.457348, 0.009404, 0.027627, 
0.45872, 0.00546, 0.02766, 
0.457348, 0.008436, -0.087129, 
0.457348, 0.008436, -0.087129, 
0.45872, 0.00546, 0.02766, 
0.45872, 0.004492, -0.087096, 
0.45872, 0.00546, 0.02766, 
0.461064, 0.002004, 0.02769, 
0.45872, 0.004492, -0.087096, 
0.45872, 0.004492, -0.087096, 
0.461064, 0.002004, 0.02769, 
0.461064, 0.001032, -0.087066, 
0.461064, 0.002004, 0.02769, 
0.464224, -0.000728, 0.027713, 
0.461064, 0.001032, -0.087066, 
0.461064, 0.001032, -0.087066, 
0.464224, -0.000728, 0.027713, 
0.464224, -0.001696, -0.087044, 
0.464224, -0.000728, 0.027713, 
0.467984, -0.002552, 0.027728, 
0.464224, -0.001696, -0.087044, 
0.464224, -0.001696, -0.087044, 
0.467984, -0.002552, 0.027728, 
0.467984, -0.00352, -0.087028, 
0.467984, -0.002552, 0.027728, 
0.472084, -0.003336, 0.027735, 
0.467984, -0.00352, -0.087028, 
0.467984, -0.00352, -0.087028, 
0.472084, -0.003336, 0.027735, 
0.472084, -0.004304, -0.087022, 
0.472084, -0.003336, 0.027735, 
0.476252, -0.003032, 0.027732, 
0.472084, -0.004304, -0.087022, 
0.472084, -0.004304, -0.087022, 
0.476252, -0.003032, 0.027732, 
0.476252, -0.004004, -0.087024, 
0.476252, -0.003032, 0.027732, 
0.480196, -0.001664, 0.02772, 
0.476252, -0.004004, -0.087024, 
0.476252, -0.004004, -0.087024, 
0.480196, -0.001664, 0.02772, 
0.480196, -0.002632, -0.087036, 
0.480196, -0.001664, 0.02772, 
0.483652, 0.00068, 0.027701, 
0.480196, -0.002632, -0.087036, 
0.480196, -0.002632, -0.087036, 
0.483652, 0.00068, 0.027701, 
0.483652, -0.000288, -0.087055, 
0.483652, 0.00068, 0.027701, 
0.486384, 0.00384, 0.027674, 
0.483652, -0.000288, -0.087055, 
0.483652, -0.000288, -0.087055, 
0.486384, 0.00384, 0.027674, 
0.486384, 0.002872, -0.087082, 
0.486384, 0.00384, 0.027674, 
0.488208, 0.0076, 0.027642, 
0.486384, 0.002872, -0.087082, 
0.486384, 0.002872, -0.087082, 
0.488208, 0.0076, 0.027642, 
0.488208, 0.006632, -0.087114, 
0.457048, 0.0126, -0.087164, 
0.412776, 0.80718, -0.093872, 
0.457832, 0.016704, -0.087199, 
0.457832, 0.016704, -0.087199, 
0.412776, 0.80718, -0.093872, 
0.459656, 0.020464, -0.08723, 
0.459656, 0.020464, -0.08723, 
0.412776, 0.80718, -0.093872, 
0.462388, 0.02362, -0.087257, 
0.462388, 0.02362, -0.087257, 
0.412776, 0.80718, -0.093872, 
0.465844, 0.025968, -0.087277, 
0.465844, 0.025968, -0.087277, 
0.412776, 0.80718, -0.093872, 
0.469788, 0.027336, -0.087288, 
0.469788, 0.027336, -0.087288, 
0.412776, 0.80718, -0.093872, 
0.473956, 0.02764, -0.087291, 
-0.38735, -0.07134, 0.01505, 
-0.38735, 0.10466, 0.01505, 
-0.38735, -0.07134, -0.06495, 
-0.38735, -0.07134, -0.06495, 
-0.38735, 0.10466, 0.01505, 
-0.38735, 0.10466, -0.06495, 
-0.38735, 0.10466, 0.01505, 
-0.38735, -0.07134, 0.01505, 
0.424652, 0.10466, 0.01505, 
0.424652, 0.10466, 0.01505, 
-0.38735, -0.07134, 0.01505, 
0.424652, -0.07134, 0.01505, 
-0.38735, -0.07134, 0.01505, 
-0.38735, -0.07134, -0.06495, 
0.424652, -0.07134, 0.01505, 
0.424652, -0.07134, 0.01505, 
-0.38735, -0.07134, -0.06495, 
0.424652, -0.07134, -0.06495, 
-0.38735, -0.07134, -0.06495, 
-0.38735, 0.10466, -0.06495, 
0.424652, -0.07134, -0.06495, 
0.424652, -0.07134, -0.06495, 
-0.38735, 0.10466, -0.06495, 
0.424652, 0.10466, -0.06495, 
-0.38735, 0.10466, -0.06495, 
-0.38735, 0.10466, 0.01505, 
0.424652, 0.10466, -0.06495, 
0.424652, 0.10466, -0.06495, 
-0.38735, 0.10466, 0.01505, 
0.424652, 0.10466, 0.01505, 
0.424652, 0.10466, 0.01505, 
0.424652, -0.07134, 0.01505, 
0.424652, 0.10466, -0.06495, 
0.424652, 0.10466, -0.06495, 
0.424652, -0.07134, 0.01505, 
0.424652, -0.07134, -0.06495, 
-0.458724, 0.005028, 0.03317, 
-0.458148, 0.00336, 0.03317, 
-0.458724, 0.005028, -0.082952, 
-0.458724, 0.005028, -0.082952, 
-0.458148, 0.00336, 0.03317, 
-0.458148, 0.00336, -0.082952, 
-0.459668, 0.0059, 0.03317, 
-0.458148, 0.00336, 0.03317, 
-0.458724, 0.005028, 0.03317, 
-0.463024, 0.011188, 0.03317, 
-0.458148, 0.00336, 0.03317, 
-0.459668, 0.0059, 0.03317, 
-0.463024, 0.011188, 0.03317, 
-0.503708, -0.991339, 0.03317, 
-0.458148, 0.00336, 0.03317, 
-0.503708, -0.991339, 0.03317, 
-0.463024, 0.011188, 0.03317, 
-0.503708, 0.106844, 0.03317, 
-0.503708, 0.106844, 0.03317, 
-0.463024, 0.011188, 0.03317, 
-0.464896, 0.017168, 0.03317, 
-0.458724, 0.005028, 0.03317, 
-0.459508, 0.007308, 0.03317, 
-0.459668, 0.0059, 0.03317, 
-0.432792, -0.000996, 0.03317, 
-0.431156, -0.000484, 0.03317, 
-0.430488, 0.001648, 0.03317, 
-0.459668, 0.0059, 0.03317, 
-0.459508, 0.007308, 0.03317, 
-0.463024, 0.011188, 0.03317, 
-0.459508, 0.007308, 0.03317, 
-0.459796, 0.011476, 0.03317, 
-0.463024, 0.011188, 0.03317, 
-0.431156, -0.000484, 0.03317, 
-0.425864, 0.002872, 0.03317, 
-0.430488, 0.001648, 0.03317, 
-0.430488, 0.001648, 0.03317, 
-0.425864, 0.002872, 0.03317, 
-0.428656, 0.005404, 0.03317, 
-0.425864, 0.002872, 0.03317, 
-0.42162, 0.007484, 0.03317, 
-0.428656, 0.005404, 0.03317, 
-0.428656, 0.005404, 0.03317, 
-0.42162, 0.007484, 0.03317, 
-0.427856, 0.0095, 0.03317, 
-0.42162, 0.007484, 0.03317, 
-0.418716, 0.013036, 0.03317, 
-0.427856, 0.0095, 0.03317, 
-0.427856, 0.0095, 0.03317, 
-0.418716, 0.013036, 0.03317, 
-0.428144, 0.013668, 0.03317, 
-0.418716, 0.013036, 0.03317, 
-0.417348, 0.019148, 0.03317, 
-0.428144, 0.013668, 0.03317, 
-0.428144, 0.013668, 0.03317, 
-0.417348, 0.019148, 0.03317, 
-0.429504, 0.01762, 0.03317, 
-0.417348, 0.019148, 0.03317, 
-0.417608, 0.025408, 0.03317, 
-0.429504, 0.01762, 0.03317, 
-0.429504, 0.01762, 0.03317, 
-0.417608, 0.025408, 0.03317, 
-0.431836, 0.021084, 0.03317, 
-0.417608, 0.025408, 0.03317, 
-0.41948, 0.031388, 0.03317, 
-0.431836, 0.021084, 0.03317, 
-0.41948, 0.031388, 0.03317, 
-0.422836, 0.036676, 0.03317, 
-0.431836, 0.021084, 0.03317, 
-0.431836, 0.021084, 0.03317, 
-0.422836, 0.036676, 0.03317, 
-0.434988, 0.023824, 0.03317, 
-0.422836, 0.036676, 0.03317, 
-0.427448, 0.04092, 0.03317, 
-0.434988, 0.023824, 0.03317, 
-0.434988, 0.023824, 0.03317, 
-0.427448, 0.04092, 0.03317, 
-0.43874, 0.02566, 0.03317, 
-0.427448, 0.04092, 0.03317, 
-0.433, 0.043824, 0.03317, 
-0.43874, 0.02566, 0.03317, 
-0.433, 0.043824, 0.03317, 
-0.439112, 0.045192, 0.03317, 
-0.43874, 0.02566, 0.03317, 
-0.43874, 0.02566, 0.03317, 
-0.439112, 0.045192, 0.03317, 
-0.44284, 0.02646, 0.03317, 
-0.439112, 0.045192, 0.03317, 
-0.445372, 0.044932, 0.03317, 
-0.44284, 0.02646, 0.03317, 
-0.445372, 0.044932, 0.03317, 
-0.451352, 0.04306, 0.03317, 
-0.44284, 0.02646, 0.03317, 
-0.44284, 0.02646, 0.03317, 
-0.451352, 0.04306, 0.03317, 
-0.447004, 0.026168, 0.03317, 
-0.451352, 0.04306, 0.03317, 
-0.456644, 0.039704, 0.03317, 
-0.447004, 0.026168, 0.03317, 
-0.447004, 0.026168, 0.03317, 
-0.456644, 0.039704, 0.03317, 
-0.450956, 0.024812, 0.03317, 
-0.456644, 0.039704, 0.03317, 
-0.460884, 0.035092, 0.03317, 
-0.450956, 0.024812, 0.03317, 
-0.460884, 0.035092, 0.03317, 
-0.463788, 0.02954, 0.03317, 
-0.450956, 0.024812, 0.03317, 
-0.450956, 0.024812, 0.03317, 
-0.463788, 0.02954, 0.03317, 
-0.45442, 0.02248, 0.03317, 
-0.463788, 0.02954, 0.03317, 
-0.46516, 0.023428, 0.03317, 
-0.45442, 0.02248, 0.03317, 
-0.45442, 0.02248, 0.03317, 
-0.46516, 0.023428, 0.03317, 
-0.457164, 0.019328, 0.03317, 
-0.46516, 0.023428, 0.03317, 
-0.464896, 0.017168, 0.03317, 
-0.457164, 0.019328, 0.03317, 
-0.457164, 0.019328, 0.03317, 
-0.464896, 0.017168, 0.03317, 
-0.458996, 0.015576, 0.03317, 
-0.464896, 0.017168, 0.03317, 
-0.463024, 0.011188, 0.03317, 
-0.458996, 0.015576, 0.03317, 
-0.459796, 0.011476, 0.03317, 
-0.458996, 0.015576, 0.03317, 
-0.463024, 0.011188, 0.03317, 
-0.459508, 0.007308, 0.03317, 
-0.458724, 0.005028, 0.03317, 
-0.459508, 0.007308, -0.082952, 
-0.459508, 0.007308, -0.082952, 
-0.458724, 0.005028, 0.03317, 
-0.458724, 0.005028, -0.082952, 
-0.458724, 0.005028, -0.082952, 
-0.503708, 0.106844, -0.082952, 
-0.459508, 0.007308, -0.082952, 
-0.458148, 0.00336, -0.082952, 
-0.503708, 0.106844, -0.082952, 
-0.458724, 0.005028, -0.082952, 
-0.384899, -0.991339, -0.082952, 
-0.503708, 0.106844, -0.082952, 
-0.458148, 0.00336, -0.082952, 
-0.503708, 0.106844, -0.082952, 
-0.384899, -0.991339, -0.082952, 
-0.503708, -0.991339, -0.082952, 
-0.503708, -0.991339, -0.082952, 
-0.384899, -0.991339, -0.082952, 
-0.503708, -0.991339, 0.03317, 
-0.503708, -0.991339, 0.03317, 
-0.384899, -0.991339, -0.082952, 
-0.384899, -0.991339, 0.03317, 
-0.384899, -0.482788, 0.006397, 
-0.384899, -0.991339, 0.03317, 
-0.384899, -0.991339, -0.082952, 
-0.384899, -0.991339, 0.03317, 
-0.384899, -0.482788, 0.006397, 
-0.384899, 0.106844, 0.03317, 
-0.384899, 0.106844, 0.03317, 
-0.384899, -0.482788, 0.006397, 
-0.384899, -0.474436, 0.006502, 
-0.384899, -0.474436, 0.006502, 
-0.384899, -0.482788, 0.006397, 
0.4711, -0.474436, 0.006502, 
0.4711, -0.474436, 0.006502, 
-0.384899, -0.482788, 0.006397, 
0.4711, -0.482788, 0.006397, 
-0.384899, -0.482788, 0.006397, 
-0.384899, -0.490832, 0.004134, 
0.4711, -0.482788, 0.006397, 
0.4711, -0.482788, 0.006397, 
-0.384899, -0.490832, 0.004134, 
0.4711, -0.490832, 0.004134, 
-0.384899, -0.482788, 0.006397, 
-0.384899, -0.991339, -0.082952, 
-0.384899, -0.490832, 0.004134, 
-0.384899, -0.490832, 0.004134, 
-0.384899, -0.991339, -0.082952, 
-0.384899, -0.498012, -0.000134, 
-0.384899, -0.498012, -0.000134, 
-0.384899, -0.991339, -0.082952, 
-0.384899, -0.503844, -0.006114, 
-0.384899, -0.503844, -0.006114, 
-0.384899, -0.991339, -0.082952, 
-0.384899, -0.507928, -0.0134, 
-0.384899, -0.507928, -0.0134, 
-0.384899, -0.991339, -0.082952, 
-0.384899, -0.509992, -0.021496, 
-0.384899, -0.509992, -0.021496, 
-0.384899, -0.991339, -0.082952, 
-0.384899, -0.509884, -0.029849, 
-0.384899, -0.509884, -0.029849, 
-0.384899, -0.991339, -0.082952, 
-0.384899, -0.507624, -0.03789, 
-0.384899, -0.507624, -0.03789, 
-0.384899, -0.991339, -0.082952, 
-0.384899, -0.503356, -0.045072, 
-0.384899, -0.503356, -0.045072, 
-0.384899, -0.991339, -0.082952, 
-0.384899, -0.497376, -0.050904, 
-0.384899, -0.497376, -0.050904, 
-0.384899, -0.991339, -0.082952, 
-0.384899, -0.490088, -0.05499, 
-0.384899, -0.490088, -0.05499, 
-0.384899, -0.991339, -0.082952, 
-0.384899, -0.481992, -0.05705, 
-0.384899, 0.106844, -0.082952, 
-0.384899, -0.481992, -0.05705, 
-0.384899, -0.991339, -0.082952, 
-0.384899, 0.106844, -0.082952, 
-0.384899, -0.47364, -0.056946, 
-0.384899, -0.481992, -0.05705, 
-0.384899, 0.106844, -0.082952, 
-0.384899, -0.4656, -0.054682, 
-0.384899, -0.47364, -0.056946, 
-0.384899, 0.106844, -0.082952, 
-0.384899, -0.458416, -0.050415, 
-0.384899, -0.4656, -0.054682, 
-0.384899, 0.106844, -0.082952, 
-0.384899, -0.452584, -0.044434, 
-0.384899, -0.458416, -0.050415, 
-0.384899, 0.106844, -0.082952, 
-0.384899, -0.4485, -0.037148, 
-0.384899, -0.452584, -0.044434, 
-0.384899, 0.106844, -0.082952, 
-0.384899, -0.44644, -0.029052, 
-0.384899, -0.4485, -0.037148, 
-0.384899, 0.106844, -0.082952, 
-0.384899, -0.446544, -0.020699, 
-0.384899, -0.44644, -0.029052, 
-0.384899, 0.106844, -0.082952, 
-0.384899, -0.448808, -0.012658, 
-0.384899, -0.446544, -0.020699, 
-0.384899, 0.106844, -0.082952, 
-0.384899, -0.453072, -0.005476, 
-0.384899, -0.448808, -0.012658, 
-0.384899, 0.106844, -0.082952, 
-0.384899, -0.459056, 0.000356, 
-0.384899, -0.453072, -0.005476, 
-0.384899, 0.106844, -0.082952, 
-0.384899, -0.46634, 0.004442, 
-0.384899, -0.459056, 0.000356, 
-0.384899, 0.106844, -0.082952, 
-0.384899, -0.474436, 0.006502, 
-0.384899, -0.46634, 0.004442, 
-0.384899, -0.474436, 0.006502, 
-0.384899, 0.106844, -0.082952, 
-0.384899, 0.106844, 0.03317, 
-0.384899, 0.106844, -0.082952, 
-0.503708, 0.106844, -0.082952, 
-0.384899, 0.106844, 0.03317, 
-0.384899, 0.106844, 0.03317, 
-0.503708, 0.106844, -0.082952, 
-0.503708, 0.106844, 0.03317, 
-0.384899, 0.106844, -0.082952, 
-0.44284, 0.02646, -0.082952, 
-0.503708, 0.106844, -0.082952, 
-0.384899, 0.106844, -0.082952, 
-0.43874, 0.02566, -0.082952, 
-0.44284, 0.02646, -0.082952, 
-0.384899, 0.106844, -0.082952, 
-0.434988, 0.023824, -0.082952, 
-0.43874, 0.02566, -0.082952, 
-0.384899, 0.106844, -0.082952, 
-0.431836, 0.021084, -0.082952, 
-0.434988, 0.023824, -0.082952, 
-0.384899, 0.106844, -0.082952, 
-0.429504, 0.01762, -0.082952, 
-0.431836, 0.021084, -0.082952, 
-0.384899, 0.106844, -0.082952, 
-0.428144, 0.013668, -0.082952, 
-0.429504, 0.01762, -0.082952, 
-0.384899, 0.106844, -0.082952, 
-0.427856, 0.0095, -0.082952, 
-0.428144, 0.013668, -0.082952, 
-0.384899, 0.106844, -0.082952, 
-0.428656, 0.005404, -0.082952, 
-0.427856, 0.0095, -0.082952, 
-0.384899, -0.991339, -0.082952, 
-0.428656, 0.005404, -0.082952, 
-0.384899, 0.106844, -0.082952, 
-0.428656, 0.005404, -0.082952, 
-0.384899, -0.991339, -0.082952, 
-0.430488, 0.001648, -0.082952, 
-0.430488, 0.001648, -0.082952, 
-0.384899, -0.991339, -0.082952, 
-0.432792, -0.000996, -0.082952, 
-0.432792, -0.000996, -0.082952, 
-0.384899, -0.991339, -0.082952, 
-0.433232, -0.0015, -0.082952, 
-0.433232, -0.0015, -0.082952, 
-0.384899, -0.991339, -0.082952, 
-0.436696, -0.003836, -0.082952, 
-0.436696, -0.003836, -0.082952, 
-0.384899, -0.991339, -0.082952, 
-0.440644, -0.005192, -0.082952, 
-0.440644, -0.005192, -0.082952, 
-0.384899, -0.991339, -0.082952, 
-0.444812, -0.00548, -0.082952, 
-0.384899, -0.991339, -0.082952, 
-0.448912, -0.00468, -0.082952, 
-0.444812, -0.00548, -0.082952, 
-0.384899, -0.991339, -0.082952, 
-0.452664, -0.002848, -0.082952, 
-0.448912, -0.00468, -0.082952, 
-0.384899, -0.991339, -0.082952, 
-0.455816, -0.000104, -0.082952, 
-0.452664, -0.002848, -0.082952, 
-0.384899, -0.991339, -0.082952, 
-0.458148, 0.00336, -0.082952, 
-0.455816, -0.000104, -0.082952, 
-0.458148, 0.00336, 0.03317, 
-0.455816, -0.000104, 0.03317, 
-0.458148, 0.00336, -0.082952, 
-0.458148, 0.00336, -0.082952, 
-0.455816, -0.000104, 0.03317, 
-0.455816, -0.000104, -0.082952, 
-0.458148, 0.00336, 0.03317, 
-0.503708, -0.991339, 0.03317, 
-0.455816, -0.000104, 0.03317, 
-0.455816, -0.000104, 0.03317, 
-0.503708, -0.991339, 0.03317, 
-0.452664, -0.002848, 0.03317, 
-0.452664, -0.002848, 0.03317, 
-0.503708, -0.991339, 0.03317, 
-0.448912, -0.00468, 0.03317, 
-0.448912, -0.00468, 0.03317, 
-0.503708, -0.991339, 0.03317, 
-0.444812, -0.00548, 0.03317, 
-0.503708, -0.991339, 0.03317, 
-0.440644, -0.005192, 0.03317, 
-0.444812, -0.00548, 0.03317, 
-0.503708, -0.991339, 0.03317, 
-0.436696, -0.003836, 0.03317, 
-0.440644, -0.005192, 0.03317, 
-0.503708, -0.991339, 0.03317, 
-0.431156, -0.000484, 0.03317, 
-0.436696, -0.003836, 0.03317, 
-0.503708, -0.991339, 0.03317, 
-0.425864, 0.002872, 0.03317, 
-0.431156, -0.000484, 0.03317, 
-0.503708, -0.991339, 0.03317, 
-0.42162, 0.007484, 0.03317, 
-0.425864, 0.002872, 0.03317, 
-0.503708, -0.991339, 0.03317, 
-0.418716, 0.013036, 0.03317, 
-0.42162, 0.007484, 0.03317, 
-0.503708, -0.991339, 0.03317, 
-0.384899, 0.106844, 0.03317, 
-0.418716, 0.013036, 0.03317, 
-0.384899, 0.106844, 0.03317, 
-0.503708, -0.991339, 0.03317, 
-0.384899, -0.991339, 0.03317, 
-0.418716, 0.013036, 0.03317, 
-0.384899, 0.106844, 0.03317, 
-0.417348, 0.019148, 0.03317, 
-0.417348, 0.019148, 0.03317, 
-0.384899, 0.106844, 0.03317, 
-0.417608, 0.025408, 0.03317, 
-0.417608, 0.025408, 0.03317, 
-0.384899, 0.106844, 0.03317, 
-0.41948, 0.031388, 0.03317, 
-0.41948, 0.031388, 0.03317, 
-0.384899, 0.106844, 0.03317, 
-0.422836, 0.036676, 0.03317, 
-0.422836, 0.036676, 0.03317, 
-0.384899, 0.106844, 0.03317, 
-0.427448, 0.04092, 0.03317, 
-0.427448, 0.04092, 0.03317, 
-0.384899, 0.106844, 0.03317, 
-0.433, 0.043824, 0.03317, 
-0.433, 0.043824, 0.03317, 
-0.384899, 0.106844, 0.03317, 
-0.439112, 0.045192, 0.03317, 
-0.503708, 0.106844, 0.03317, 
-0.439112, 0.045192, 0.03317, 
-0.384899, 0.106844, 0.03317, 
-0.503708, 0.106844, 0.03317, 
-0.445372, 0.044932, 0.03317, 
-0.439112, 0.045192, 0.03317, 
-0.503708, 0.106844, 0.03317, 
-0.451352, 0.04306, 0.03317, 
-0.445372, 0.044932, 0.03317, 
-0.503708, 0.106844, 0.03317, 
-0.456644, 0.039704, 0.03317, 
-0.451352, 0.04306, 0.03317, 
-0.503708, 0.106844, 0.03317, 
-0.460884, 0.035092, 0.03317, 
-0.456644, 0.039704, 0.03317, 
-0.503708, 0.106844, 0.03317, 
-0.463788, 0.02954, 0.03317, 
-0.460884, 0.035092, 0.03317, 
-0.503708, 0.106844, 0.03317, 
-0.46516, 0.023428, 0.03317, 
-0.463788, 0.02954, 0.03317, 
-0.503708, 0.106844, 0.03317, 
-0.464896, 0.017168, 0.03317, 
-0.46516, 0.023428, 0.03317, 
-0.436696, -0.003836, 0.03317, 
-0.431156, -0.000484, 0.03317, 
-0.433232, -0.0015, 0.03317, 
-0.433232, -0.0015, 0.03317, 
-0.431156, -0.000484, 0.03317, 
-0.432792, -0.000996, 0.03317, 
-0.433232, -0.0015, 0.03317, 
-0.432792, -0.000996, 0.03317, 
-0.433232, -0.0015, -0.082952, 
-0.433232, -0.0015, -0.082952, 
-0.432792, -0.000996, 0.03317, 
-0.432792, -0.000996, -0.082952, 
-0.432792, -0.000996, 0.03317, 
-0.430488, 0.001648, 0.03317, 
-0.432792, -0.000996, -0.082952, 
-0.432792, -0.000996, -0.082952, 
-0.430488, 0.001648, 0.03317, 
-0.430488, 0.001648, -0.082952, 
-0.430488, 0.001648, 0.03317, 
-0.428656, 0.005404, 0.03317, 
-0.430488, 0.001648, -0.082952, 
-0.430488, 0.001648, -0.082952, 
-0.428656, 0.005404, 0.03317, 
-0.428656, 0.005404, -0.082952, 
-0.428656, 0.005404, 0.03317, 
-0.427856, 0.0095, 0.03317, 
-0.428656, 0.005404, -0.082952, 
-0.428656, 0.005404, -0.082952, 
-0.427856, 0.0095, 0.03317, 
-0.427856, 0.0095, -0.082952, 
-0.427856, 0.0095, 0.03317, 
-0.428144, 0.013668, 0.03317, 
-0.427856, 0.0095, -0.082952, 
-0.427856, 0.0095, -0.082952, 
-0.428144, 0.013668, 0.03317, 
-0.428144, 0.013668, -0.082952, 
-0.428144, 0.013668, 0.03317, 
-0.429504, 0.01762, 0.03317, 
-0.428144, 0.013668, -0.082952, 
-0.428144, 0.013668, -0.082952, 
-0.429504, 0.01762, 0.03317, 
-0.429504, 0.01762, -0.082952, 
-0.429504, 0.01762, 0.03317, 
-0.431836, 0.021084, 0.03317, 
-0.429504, 0.01762, -0.082952, 
-0.429504, 0.01762, -0.082952, 
-0.431836, 0.021084, 0.03317, 
-0.431836, 0.021084, -0.082952, 
-0.431836, 0.021084, 0.03317, 
-0.434988, 0.023824, 0.03317, 
-0.431836, 0.021084, -0.082952, 
-0.431836, 0.021084, -0.082952, 
-0.434988, 0.023824, 0.03317, 
-0.434988, 0.023824, -0.082952, 
-0.434988, 0.023824, 0.03317, 
-0.43874, 0.02566, 0.03317, 
-0.434988, 0.023824, -0.082952, 
-0.434988, 0.023824, -0.082952, 
-0.43874, 0.02566, 0.03317, 
-0.43874, 0.02566, -0.082952, 
-0.43874, 0.02566, 0.03317, 
-0.44284, 0.02646, 0.03317, 
-0.43874, 0.02566, -0.082952, 
-0.43874, 0.02566, -0.082952, 
-0.44284, 0.02646, 0.03317, 
-0.44284, 0.02646, -0.082952, 
-0.44284, 0.02646, 0.03317, 
-0.447004, 0.026168, 0.03317, 
-0.44284, 0.02646, -0.082952, 
-0.44284, 0.02646, -0.082952, 
-0.447004, 0.026168, 0.03317, 
-0.447004, 0.026168, -0.082952, 
-0.447004, 0.026168, 0.03317, 
-0.450956, 0.024812, 0.03317, 
-0.447004, 0.026168, -0.082952, 
-0.447004, 0.026168, -0.082952, 
-0.450956, 0.024812, 0.03317, 
-0.450956, 0.024812, -0.082952, 
-0.450956, 0.024812, 0.03317, 
-0.45442, 0.02248, 0.03317, 
-0.450956, 0.024812, -0.082952, 
-0.450956, 0.024812, -0.082952, 
-0.45442, 0.02248, 0.03317, 
-0.45442, 0.02248, -0.082952, 
-0.45442, 0.02248, 0.03317, 
-0.457164, 0.019328, 0.03317, 
-0.45442, 0.02248, -0.082952, 
-0.45442, 0.02248, -0.082952, 
-0.457164, 0.019328, 0.03317, 
-0.457164, 0.019328, -0.082952, 
-0.457164, 0.019328, 0.03317, 
-0.458996, 0.015576, 0.03317, 
-0.457164, 0.019328, -0.082952, 
-0.457164, 0.019328, -0.082952, 
-0.458996, 0.015576, 0.03317, 
-0.458996, 0.015576, -0.082952, 
-0.458996, 0.015576, 0.03317, 
-0.459796, 0.011476, 0.03317, 
-0.458996, 0.015576, -0.082952, 
-0.458996, 0.015576, -0.082952, 
-0.459796, 0.011476, 0.03317, 
-0.459796, 0.011476, -0.082952, 
-0.459796, 0.011476, 0.03317, 
-0.459508, 0.007308, 0.03317, 
-0.459796, 0.011476, -0.082952, 
-0.459796, 0.011476, -0.082952, 
-0.459508, 0.007308, 0.03317, 
-0.459508, 0.007308, -0.082952, 
-0.459508, 0.007308, -0.082952, 
-0.503708, 0.106844, -0.082952, 
-0.459796, 0.011476, -0.082952, 
-0.459796, 0.011476, -0.082952, 
-0.503708, 0.106844, -0.082952, 
-0.458996, 0.015576, -0.082952, 
-0.458996, 0.015576, -0.082952, 
-0.503708, 0.106844, -0.082952, 
-0.457164, 0.019328, -0.082952, 
-0.457164, 0.019328, -0.082952, 
-0.503708, 0.106844, -0.082952, 
-0.45442, 0.02248, -0.082952, 
-0.45442, 0.02248, -0.082952, 
-0.503708, 0.106844, -0.082952, 
-0.450956, 0.024812, -0.082952, 
-0.450956, 0.024812, -0.082952, 
-0.503708, 0.106844, -0.082952, 
-0.447004, 0.026168, -0.082952, 
-0.447004, 0.026168, -0.082952, 
-0.503708, 0.106844, -0.082952, 
-0.44284, 0.02646, -0.082952, 
-0.436696, -0.003836, 0.03317, 
-0.433232, -0.0015, 0.03317, 
-0.436696, -0.003836, -0.082952, 
-0.436696, -0.003836, -0.082952, 
-0.433232, -0.0015, 0.03317, 
-0.433232, -0.0015, -0.082952, 
-0.440644, -0.005192, 0.03317, 
-0.436696, -0.003836, 0.03317, 
-0.440644, -0.005192, -0.082952, 
-0.440644, -0.005192, -0.082952, 
-0.436696, -0.003836, 0.03317, 
-0.436696, -0.003836, -0.082952, 
-0.444812, -0.00548, 0.03317, 
-0.440644, -0.005192, 0.03317, 
-0.444812, -0.00548, -0.082952, 
-0.444812, -0.00548, -0.082952, 
-0.440644, -0.005192, 0.03317, 
-0.440644, -0.005192, -0.082952, 
-0.448912, -0.00468, 0.03317, 
-0.444812, -0.00548, 0.03317, 
-0.448912, -0.00468, -0.082952, 
-0.448912, -0.00468, -0.082952, 
-0.444812, -0.00548, 0.03317, 
-0.444812, -0.00548, -0.082952, 
-0.452664, -0.002848, 0.03317, 
-0.448912, -0.00468, 0.03317, 
-0.452664, -0.002848, -0.082952, 
-0.452664, -0.002848, -0.082952, 
-0.448912, -0.00468, 0.03317, 
-0.448912, -0.00468, -0.082952, 
-0.455816, -0.000104, 0.03317, 
-0.452664, -0.002848, 0.03317, 
-0.455816, -0.000104, -0.082952, 
-0.455816, -0.000104, -0.082952, 
-0.452664, -0.002848, 0.03317, 
-0.452664, -0.002848, -0.082952, 
-0.503708, -0.991339, -0.082952, 
-0.503708, -0.991339, 0.03317, 
-0.503708, 0.106844, -0.082952, 
-0.503708, 0.106844, -0.082952, 
-0.503708, -0.991339, 0.03317, 
-0.503708, 0.106844, 0.03317, 
-0.384899, -0.46634, 0.004442, 
-0.384899, -0.474436, 0.006502, 
0.4711, -0.46634, 0.004442, 
0.4711, -0.46634, 0.004442, 
-0.384899, -0.474436, 0.006502, 
0.4711, -0.474436, 0.006502, 
0.4711, -0.446544, -0.020699, 
0.4711, -0.448808, -0.012658, 
0.4711, -0.44644, -0.029052, 
0.4711, -0.448808, -0.012658, 
0.4711, -0.453072, -0.005476, 
0.4711, -0.44644, -0.029052, 
0.4711, -0.453072, -0.005476, 
0.4711, -0.459056, 0.000356, 
0.4711, -0.44644, -0.029052, 
0.4711, -0.459056, 0.000356, 
0.4711, -0.46634, 0.004442, 
0.4711, -0.44644, -0.029052, 
0.4711, -0.46634, 0.004442, 
0.4711, -0.474436, 0.006502, 
0.4711, -0.44644, -0.029052, 
0.4711, -0.474436, 0.006502, 
0.4711, -0.482788, 0.006397, 
0.4711, -0.44644, -0.029052, 
0.4711, -0.482788, 0.006397, 
0.4711, -0.490832, 0.004134, 
0.4711, -0.44644, -0.029052, 
0.4711, -0.490832, 0.004134, 
0.4711, -0.498012, -0.000134, 
0.4711, -0.44644, -0.029052, 
0.4711, -0.498012, -0.000134, 
0.4711, -0.503844, -0.006114, 
0.4711, -0.44644, -0.029052, 
0.4711, -0.503844, -0.006114, 
0.4711, -0.507928, -0.0134, 
0.4711, -0.44644, -0.029052, 
0.4711, -0.507928, -0.0134, 
0.4711, -0.509992, -0.021496, 
0.4711, -0.44644, -0.029052, 
0.4711, -0.509992, -0.021496, 
0.4711, -0.509884, -0.029849, 
0.4711, -0.44644, -0.029052, 
0.4711, -0.509884, -0.029849, 
0.4711, -0.507624, -0.03789, 
0.4711, -0.44644, -0.029052, 
0.4711, -0.507624, -0.03789, 
0.4711, -0.503356, -0.045072, 
0.4711, -0.44644, -0.029052, 
0.4711, -0.503356, -0.045072, 
0.4711, -0.497376, -0.050904, 
0.4711, -0.44644, -0.029052, 
0.4711, -0.497376, -0.050904, 
0.4711, -0.490088, -0.05499, 
0.4711, -0.44644, -0.029052, 
0.4711, -0.490088, -0.05499, 
0.4711, -0.481992, -0.05705, 
0.4711, -0.44644, -0.029052, 
0.4711, -0.481992, -0.05705, 
0.4711, -0.47364, -0.056946, 
0.4711, -0.44644, -0.029052, 
0.4711, -0.47364, -0.056946, 
0.4711, -0.4656, -0.054682, 
0.4711, -0.44644, -0.029052, 
0.4711, -0.4656, -0.054682, 
0.4711, -0.458416, -0.050415, 
0.4711, -0.44644, -0.029052, 
0.4711, -0.458416, -0.050415, 
0.4711, -0.452584, -0.044434, 
0.4711, -0.44644, -0.029052, 
0.4711, -0.452584, -0.044434, 
0.4711, -0.4485, -0.037148, 
0.4711, -0.44644, -0.029052, 
-0.384899, -0.446544, -0.020699, 
-0.384899, -0.448808, -0.012658, 
0.4711, -0.446544, -0.020699, 
0.4711, -0.446544, -0.020699, 
-0.384899, -0.448808, -0.012658, 
0.4711, -0.448808, -0.012658, 
-0.384899, -0.448808, -0.012658, 
-0.384899, -0.453072, -0.005476, 
0.4711, -0.448808, -0.012658, 
0.4711, -0.448808, -0.012658, 
-0.384899, -0.453072, -0.005476, 
0.4711, -0.453072, -0.005476, 
-0.384899, -0.453072, -0.005476, 
-0.384899, -0.459056, 0.000356, 
0.4711, -0.453072, -0.005476, 
0.4711, -0.453072, -0.005476, 
-0.384899, -0.459056, 0.000356, 
0.4711, -0.459056, 0.000356, 
-0.384899, -0.459056, 0.000356, 
-0.384899, -0.46634, 0.004442, 
0.4711, -0.459056, 0.000356, 
0.4711, -0.459056, 0.000356, 
-0.384899, -0.46634, 0.004442, 
0.4711, -0.46634, 0.004442, 
-0.384899, -0.44644, -0.029052, 
-0.384899, -0.446544, -0.020699, 
0.4711, -0.44644, -0.029052, 
0.4711, -0.44644, -0.029052, 
-0.384899, -0.446544, -0.020699, 
0.4711, -0.446544, -0.020699, 
-0.384899, -0.4485, -0.037148, 
-0.384899, -0.44644, -0.029052, 
0.4711, -0.4485, -0.037148, 
0.4711, -0.4485, -0.037148, 
-0.384899, -0.44644, -0.029052, 
0.4711, -0.44644, -0.029052, 
-0.384899, -0.452584, -0.044434, 
-0.384899, -0.4485, -0.037148, 
0.4711, -0.452584, -0.044434, 
0.4711, -0.452584, -0.044434, 
-0.384899, -0.4485, -0.037148, 
0.4711, -0.4485, -0.037148, 
-0.384899, -0.458416, -0.050415, 
-0.384899, -0.452584, -0.044434, 
0.4711, -0.458416, -0.050415, 
0.4711, -0.458416, -0.050415, 
-0.384899, -0.452584, -0.044434, 
0.4711, -0.452584, -0.044434, 
-0.384899, -0.4656, -0.054682, 
-0.384899, -0.458416, -0.050415, 
0.4711, -0.4656, -0.054682, 
0.4711, -0.4656, -0.054682, 
-0.384899, -0.458416, -0.050415, 
0.4711, -0.458416, -0.050415, 
-0.384899, -0.47364, -0.056946, 
-0.384899, -0.4656, -0.054682, 
0.4711, -0.47364, -0.056946, 
0.4711, -0.47364, -0.056946, 
-0.384899, -0.4656, -0.054682, 
0.4711, -0.4656, -0.054682, 
-0.384899, -0.481992, -0.05705, 
-0.384899, -0.47364, -0.056946, 
0.4711, -0.481992, -0.05705, 
0.4711, -0.481992, -0.05705, 
-0.384899, -0.47364, -0.056946, 
0.4711, -0.47364, -0.056946, 
-0.384899, -0.490088, -0.05499, 
-0.384899, -0.481992, -0.05705, 
0.4711, -0.490088, -0.05499, 
0.4711, -0.490088, -0.05499, 
-0.384899, -0.481992, -0.05705, 
0.4711, -0.481992, -0.05705, 
-0.384899, -0.497376, -0.050904, 
-0.384899, -0.490088, -0.05499, 
0.4711, -0.497376, -0.050904, 
0.4711, -0.497376, -0.050904, 
-0.384899, -0.490088, -0.05499, 
0.4711, -0.490088, -0.05499, 
-0.384899, -0.503356, -0.045072, 
-0.384899, -0.497376, -0.050904, 
0.4711, -0.503356, -0.045072, 
0.4711, -0.503356, -0.045072, 
-0.384899, -0.497376, -0.050904, 
0.4711, -0.497376, -0.050904, 
-0.384899, -0.507624, -0.03789, 
-0.384899, -0.503356, -0.045072, 
0.4711, -0.507624, -0.03789, 
0.4711, -0.507624, -0.03789, 
-0.384899, -0.503356, -0.045072, 
0.4711, -0.503356, -0.045072, 
-0.384899, -0.509884, -0.029849, 
-0.384899, -0.507624, -0.03789, 
0.4711, -0.509884, -0.029849, 
0.4711, -0.509884, -0.029849, 
-0.384899, -0.507624, -0.03789, 
0.4711, -0.507624, -0.03789, 
-0.384899, -0.509992, -0.021496, 
-0.384899, -0.509884, -0.029849, 
0.4711, -0.509992, -0.021496, 
0.4711, -0.509992, -0.021496, 
-0.384899, -0.509884, -0.029849, 
0.4711, -0.509884, -0.029849, 
-0.384899, -0.507928, -0.0134, 
-0.384899, -0.509992, -0.021496, 
0.4711, -0.507928, -0.0134, 
0.4711, -0.507928, -0.0134, 
-0.384899, -0.509992, -0.021496, 
0.4711, -0.509992, -0.021496, 
-0.384899, -0.503844, -0.006114, 
-0.384899, -0.507928, -0.0134, 
0.4711, -0.503844, -0.006114, 
0.4711, -0.503844, -0.006114, 
-0.384899, -0.507928, -0.0134, 
0.4711, -0.507928, -0.0134, 
-0.384899, -0.498012, -0.000134, 
-0.384899, -0.503844, -0.006114, 
0.4711, -0.498012, -0.000134, 
0.4711, -0.498012, -0.000134, 
-0.384899, -0.503844, -0.006114, 
0.4711, -0.503844, -0.006114, 
-0.384899, -0.490832, 0.004134, 
-0.384899, -0.498012, -0.000134, 
0.4711, -0.490832, 0.004134, 
0.4711, -0.490832, 0.004134, 
-0.384899, -0.498012, -0.000134, 
0.4711, -0.498012, -0.000134, 
N
0.0, 0.0, -1, 
0.0, 0.0, -1, 
0.0, 0.0, -1, 
0.0, 0.0, -1, 
0.0, 0.0, -1, 
0.0, 0.0, -1, 
0.0, -0.008442, -0.999964, 
0.0, -0.008442, -0.999964, 
0.0, -0.008442, -0.999964, 
0.0, -0.008442, -0.999964, 
0.0, -0.008442, -0.999964, 
0.0, -0.008442, -0.999964, 
0.0, -0.008442, -0.999964, 
0.0, -0.008442, -0.999964, 
0.0, -0.008442, -0.999964, 
0.0, -0.008442, -0.999964, 
0.0, -0.008442, -0.999964, 
0.0, -0.008442, -0.999964, 
0.0, -0.008442, -0.999964, 
0.0, -0.008442, -0.999964, 
0.0, -0.008442, -0.999964, 
0.0, -0.008442, -0.999964, 
0.0, -0.008442, -0.999964, 
0.0, -0.008442, -0.999964, 
0.0, -0.008442, -0.999964, 
0.0, -0.008442, -0.999964, 
0.0, -0.008442, -0.999964, 
0.0, -0.008442, -0.999964, 
0.0, -0.008442, -0.999964, 
0.0, -0.008442, -0.999964, 
0.0, -0.008442, -0.999964, 
0.0, -0.008442, -0.999964, 
0.0, -0.008442, -0.999964, 
0.0, -0.008442, -0.999964, 
0.0, -0.008442, -0.999964, 
0.0, -0.008442, -0.999964, 
0.0, -0.008442, -0.999964, 
0.0, -0.008442, -0.999964, 
0.0, -0.008442, -0.999964, 
0.0, -0.008442, -0.999964, 
0.0, -0.008442, -0.999964, 
0.0, -0.008442, -0.999964, 
0.0, -0.008442, -0.999964, 
0.0, -0.008442, -0.999964, 
0.0, -0.008442, -0.999964, 
0.0, -0.008442, -0.999964, 
0.0, -0.008442, -0.999964, 
0.0, -0.008442, -0.999964, 
0.0, -0.008442, -0.999964, 
0.0, -0.008442, -0.999964, 
0.0, -0.008442, -0.999964, 
0.0, -0.008442, -0.999964, 
0.0, -0.008442, -0.999964, 
0.0, -0.008442, -0.999964, 
0.0, -0.008442, -0.999964, 
0.0, -0.008442, -0.999964, 
0.0, -0.008442, -0.999964, 
0.0, -0.008442, -0.999964, 
0.0, -0.008442, -0.999964, 
0.0, -0.008442, -0.999964, 
0.0, -0.008442, -0.999964, 
0.0, -0.008442, -0.999964, 
0.0, -0.008442, -0.999964, 
0.0, -0.008442, -0.999964, 
0.0, -0.008442, -0.999964, 
0.0, -0.008442, -0.999964, 
0.0, -0.008442, -0.999964, 
0.0, -0.008442, -0.999964, 
0.0, -0.008442, -0.999964, 
0.0, -0.008442, -0.999964, 
0.0, -0.008442, -0.999964, 
0.0, -0.008442, -0.999964, 
-1, 0.0, 0.0, 
-1, 0.0, 0.0, 
-1, 0.0, 0.0, 
-1, 0.0, 0.0, 
-1, 0.0, 0.0, 
-1, 0.0, 0.0, 
-1, 0.0, 0.0, 
-1, 0.0, 0.0, 
-1, 0.0, 0.0, 
-1, 0.0, 0.0, 
-1, 0.0, 0.0, 
-1, 0.0, 0.0, 
0.0, -1, 0.0, 
0.0, -1, 0.0, 
0.0, -1, 0.0, 
0.0, -1, 0.0, 
0.0, -1, 0.0, 
0.0, -1, 0.0, 
1, 0.0, 0.0, 
1, 0.0, 0.0, 
1, 0.0, 0.0, 
1, 0.0, 0.0, 
1, 0.0, 0.0, 
1, 0.0, 0.0, 
1, 0.0, 0.0, 
1, 0.0, 0.0, 
1, 0.0, 0.0, 
1, 0.0, 0.0, 
1, 0.0, 0.0, 
1, 0.0, 0.0, 
0.0, 1, 0.0, 
0.0, 1, 0.0, 
0.0, 1, 0.0, 
0.0, 1, 0.0, 
0.0, 1, 0.0, 
0.0, 1, 0.0, 
0.0, 0.0, 1, 
0.0, 0.0, 1, 
0.0, 0.0, 1, 
0.0, 0.0, 1, 
0.0, 0.0, 1, 
0.0, 0.0, 1, 
-1e-06, 0.008313, 0.999965, 
-1e-06, 0.008313, 0.999965, 
-1e-06, 0.008313, 0.999965, 
-1e-06, 0.008313, 0.999965, 
-1e-06, 0.008313, 0.999965, 
-1e-06, 0.008313, 0.999965, 
-1e-06, 0.008313, 0.999965, 
-1e-06, 0.008313, 0.999965, 
-1e-06, 0.008313, 0.999965, 
-1e-06, 0.008313, 0.999965, 
-1e-06, 0.008313, 0.999965, 
-1e-06, 0.008313, 0.999965, 
-1e-06, 0.008313, 0.999965, 
-1e-06, 0.008313, 0.999965, 
-1e-06, 0.008313, 0.999965, 
-1e-06, 0.008313, 0.999965, 
-1e-06, 0.008313, 0.999965, 
-1e-06, 0.008313, 0.999965, 
-1e-06, 0.008313, 0.999965, 
-1e-06, 0.008313, 0.999965, 
-1e-06, 0.008313, 0.999965, 
-1e-06, 0.008313, 0.999965, 
-1e-06, 0.008313, 0.999965, 
-1e-06, 0.008313, 0.999965, 
-1e-06, 0.008313, 0.999965, 
-1e-06, 0.008313, 0.999965, 
-1e-06, 0.008313, 0.999965, 
-1e-06, 0.008313, 0.999965, 
-1e-06, 0.008313, 0.999965, 
-1e-06, 0.008313, 0.999965, 
-1e-06, 0.008313, 0.999965, 
-1e-06, 0.008313, 0.999965, 
-1e-06, 0.008313, 0.999965, 
-1e-06, 0.008313, 0.999965, 
-1e-06, 0.008313, 0.999965, 
-1e-06, 0.008313, 0.999965, 
-1e-06, 0.008313, 0.999965, 
-1e-06, 0.008313, 0.999965, 
-1e-06, 0.008313, 0.999965, 
-0.002181, 0.008442, 0.999962, 
-0.002181, 0.008442, 0.999962, 
-0.002181, 0.008442, 0.999962, 
1e-06, 0.008543, 0.999964, 
1e-06, 0.008543, 0.999964, 
1e-06, 0.008543, 0.999964, 
1e-06, 0.008543, 0.999964, 
1e-06, 0.008543, 0.999964, 
1e-06, 0.008543, 0.999964, 
1e-06, 0.008543, 0.999964, 
1e-06, 0.008543, 0.999964, 
1e-06, 0.008543, 0.999964, 
1e-06, 0.008543, 0.999964, 
1e-06, 0.008543, 0.999964, 
1e-06, 0.008543, 0.999964, 
1e-06, 0.008543, 0.999964, 
1e-06, 0.008543, 0.999964, 
1e-06, 0.008543, 0.999964, 
1e-06, 0.008543, 0.999964, 
1e-06, 0.008543, 0.999964, 
1e-06, 0.008543, 0.999964, 
1e-06, 0.008543, 0.999964, 
1e-06, 0.008543, 0.999964, 
1e-06, 0.008543, 0.999964, 
1e-06, 0.008543, 0.999964, 
1e-06, 0.008543, 0.999964, 
1e-06, 0.008543, 0.999964, 
1e-06, 0.008543, 0.999964, 
1e-06, 0.008543, 0.999964, 
1e-06, 0.008543, 0.999964, 
1e-06, 0.008543, 0.999964, 
1e-06, 0.008543, 0.999964, 
1e-06, 0.008543, 0.999964, 
1e-06, 0.008543, 0.999964, 
1e-06, 0.008543, 0.999964, 
1e-06, 0.008543, 0.999964, 
1e-06, 0.008543, 0.999964, 
1e-06, 0.008543, 0.999964, 
1e-06, 0.008543, 0.999964, 
1e-06, 0.008543, 0.999964, 
1e-06, 0.008543, 0.999964, 
1e-06, 0.008543, 0.999964, 
0.002288, 0.008442, 0.999962, 
0.002288, 0.008442, 0.999962, 
0.002288, 0.008442, 0.999962, 
-0.94916, 0.314782, -0.002657, 
-0.982129, 0.188203, -0.001589, 
-0.94916, 0.314782, -0.002657, 
-0.94916, 0.314782, -0.002657, 
-0.982129, 0.188203, -0.001589, 
-0.982129, 0.188203, -0.001589, 
-0.997376, -0.072394, 0.000611, 
-0.979394, -0.201954, 0.001705, 
-0.997376, -0.072394, 0.000611, 
-0.997376, -0.072394, 0.000611, 
-0.979394, -0.201954, 0.001705, 
-0.979394, -0.201954, 0.001705, 
-0.979394, -0.201954, 0.001705, 
-0.89375, -0.448549, 0.003787, 
-0.979394, -0.201954, 0.001705, 
-0.979394, -0.201954, 0.001705, 
-0.89375, -0.448549, 0.003787, 
-0.89375, -0.448549, 0.003787, 
-0.89375, -0.448549, 0.003787, 
-0.747199, -0.664576, 0.00561, 
-0.89375, -0.448549, 0.003787, 
-0.89375, -0.448549, 0.003787, 
-0.747199, -0.664576, 0.00561, 
-0.747199, -0.664576, 0.00561, 
-0.747199, -0.664576, 0.00561, 
-0.549728, -0.835314, 0.007052, 
-0.747199, -0.664576, 0.00561, 
-0.747199, -0.664576, 0.00561, 
-0.549728, -0.835314, 0.007052, 
-0.549728, -0.835314, 0.007052, 
-0.549728, -0.835314, 0.007052, 
-0.314794, -0.949126, 0.008013, 
-0.549728, -0.835314, 0.007052, 
-0.549728, -0.835314, 0.007052, 
-0.314794, -0.949126, 0.008013, 
-0.314794, -0.949126, 0.008013, 
-0.314794, -0.949126, 0.008013, 
-0.058407, -0.998257, 0.008427, 
-0.314794, -0.949126, 0.008013, 
-0.314794, -0.949126, 0.008013, 
-0.058407, -0.998257, 0.008427, 
-0.058407, -0.998257, 0.008427, 
-0.058407, -0.998257, 0.008427, 
0.201961, -0.979359, 0.008268, 
-0.058407, -0.998257, 0.008427, 
-0.058407, -0.998257, 0.008427, 
0.201961, -0.979359, 0.008268, 
0.201961, -0.979359, 0.008268, 
0.201961, -0.979359, 0.008268, 
0.448565, -0.893718, 0.007545, 
0.201961, -0.979359, 0.008268, 
0.201961, -0.979359, 0.008268, 
0.448565, -0.893718, 0.007545, 
0.448565, -0.893718, 0.007545, 
0.448565, -0.893718, 0.007545, 
0.6646, -0.747173, 0.006308, 
0.448565, -0.893718, 0.007545, 
0.448565, -0.893718, 0.007545, 
0.6646, -0.747173, 0.006308, 
0.6646, -0.747173, 0.006308, 
0.6646, -0.747173, 0.006308, 
0.835344, -0.549708, 0.004641, 
0.6646, -0.747173, 0.006308, 
0.6646, -0.747173, 0.006308, 
0.835344, -0.549708, 0.004641, 
0.835344, -0.549708, 0.004641, 
0.835344, -0.549708, 0.004641, 
0.94916, -0.314782, 0.002657, 
0.835344, -0.549708, 0.004641, 
0.835344, -0.549708, 0.004641, 
0.94916, -0.314782, 0.002657, 
0.94916, -0.314782, 0.002657, 
0.94916, -0.314782, 0.002657, 
0.982129, -0.188203, 0.001589, 
0.94916, -0.314782, 0.002657, 
0.94916, -0.314782, 0.002657, 
0.982129, -0.188203, 0.001589, 
0.982129, -0.188203, 0.001589, 
0.997376, 0.072394, -0.000611, 
0.979394, 0.201954, -0.001705, 
0.997376, 0.072394, -0.000611, 
0.997376, 0.072394, -0.000611, 
0.979394, 0.201954, -0.001705, 
0.979394, 0.201954, -0.001705, 
0.979394, 0.201954, -0.001705, 
0.89375, 0.448549, -0.003787, 
0.979394, 0.201954, -0.001705, 
0.979394, 0.201954, -0.001705, 
0.89375, 0.448549, -0.003787, 
0.89375, 0.448549, -0.003787, 
0.89375, 0.448549, -0.003787, 
0.747199, 0.664576, -0.00561, 
0.89375, 0.448549, -0.003787, 
0.89375, 0.448549, -0.003787, 
0.747199, 0.664576, -0.00561, 
0.747199, 0.664576, -0.00561, 
0.747199, 0.664576, -0.00561, 
0.549728, 0.835314, -0.007052, 
0.747199, 0.664576, -0.00561, 
0.747199, 0.664576, -0.00561, 
0.549728, 0.835314, -0.007052, 
0.549728, 0.835314, -0.007052, 
0.549728, 0.835314, -0.007052, 
0.314794, 0.949126, -0.008013, 
0.549728, 0.835314, -0.007052, 
0.549728, 0.835314, -0.007052, 
0.314794, 0.949126, -0.008013, 
0.314794, 0.949126, -0.008013, 
0.314794, 0.949126, -0.008013, 
0.058407, 0.998257, -0.008427, 
0.314794, 0.949126, -0.008013, 
0.314794, 0.949126, -0.008013, 
0.058407, 0.998257, -0.008427, 
0.058407, 0.998257, -0.008427, 
0.058407, 0.998257, -0.008427, 
-0.201961, 0.979359, -0.008268, 
0.058407, 0.998257, -0.008427, 
0.058407, 0.998257, -0.008427, 
-0.201961, 0.979359, -0.008268, 
-0.201961, 0.979359, -0.008268, 
-0.201961, 0.979359, -0.008268, 
-0.448565, 0.893718, -0.007545, 
-0.201961, 0.979359, -0.008268, 
-0.201961, 0.979359, -0.008268, 
-0.448565, 0.893718, -0.007545, 
-0.448565, 0.893718, -0.007545, 
-0.448565, 0.893718, -0.007545, 
-0.6646, 0.747173, -0.006308, 
-0.448565, 0.893718, -0.007545, 
-0.448565, 0.893718, -0.007545, 
-0.6646, 0.747173, -0.006308, 
-0.6646, 0.747173, -0.006308, 
-0.6646, 0.747173, -0.006308, 
-0.835344, 0.549708, -0.004641, 
-0.6646, 0.747173, -0.006308, 
-0.6646, 0.747173, -0.006308, 
-0.835344, 0.549708, -0.004641, 
-0.835344, 0.549708, -0.004641, 
-0.835344, 0.549708, -0.004641, 
-0.94916, 0.314782, -0.002657, 
-0.835344, 0.549708, -0.004641, 
-0.835344, 0.549708, -0.004641, 
-0.94916, 0.314782, -0.002657, 
-0.94916, 0.314782, -0.002657, 
0.0, -0.008442, -0.999964, 
0.0, -0.008442, -0.999964, 
0.0, -0.008442, -0.999964, 
0.0, -0.008442, -0.999964, 
0.0, -0.008442, -0.999964, 
0.0, -0.008442, -0.999964, 
0.0, -0.008442, -0.999964, 
0.0, -0.008442, -0.999964, 
0.0, -0.008442, -0.999964, 
0.0, -0.008442, -0.999964, 
0.0, -0.008442, -0.999964, 
0.0, -0.008442, -0.999964, 
0.0, -0.008442, -0.999964, 
0.0, -0.008442, -0.999964, 
0.0, -0.008442, -0.999964, 
0.0, -0.008442, -0.999964, 
0.0, -0.008442, -0.999964, 
0.0, -0.008442, -0.999964, 
-1, 0.0, 0.0, 
-1, 0.0, 0.0, 
-1, 0.0, 0.0, 
-1, 0.0, 0.0, 
-1, 0.0, 0.0, 
-1, 0.0, 0.0, 
0.0, 0.0, 1, 
0.0, 0.0, 1, 
0.0, 0.0, 1, 
0.0, 0.0, 1, 
0.0, 0.0, 1, 
0.0, 0.0, 1, 
0.0, -1, 0.0, 
0.0, -1, 0.0, 
0.0, -1, 0.0, 
0.0, -1, 0.0, 
0.0, -1, 0.0, 
0.0, -1, 0.0, 
0.0, 0.0, -1, 
0.0, 0.0, -1, 
0.0, 0.0, -1, 
0.0, 0.0, -1, 
0.0, 0.0, -1, 
0.0, 0.0, -1, 
0.0, 1, 0.0, 
0.0, 1, 0.0, 
0.0, 1, 0.0, 
0.0, 1, 0.0, 
0.0, 1, 0.0, 
0.0, 1, 0.0, 
1, 0.0, 0.0, 
1, 0.0, 0.0, 
1, 0.0, 0.0, 
1, 0.0, 0.0, 
1, 0.0, 0.0, 
1, 0.0, 0.0, 
0.945728, 0.32496, 0.0, 
0.895221, 0.445622, 0.0, 
0.945728, 0.32496, 0.0, 
0.945728, 0.32496, 0.0, 
0.895221, 0.445622, 0.0, 
0.895221, 0.445622, 0.0, 
0.0, 0.0, 1, 
0.0, 0.0, 1, 
0.0, 0.0, 1, 
0.0, 0.0, 1, 
0.0, 0.0, 1, 
0.0, 0.0, 1, 
0.0, 0.0, 1, 
0.0, 0.0, 1, 
0.0, 0.0, 1, 
0.0, 0.0, 1, 
0.0, 0.0, 1, 
0.0, 0.0, 1, 
0.0, 0.0, 1, 
0.0, 0.0, 1, 
0.0, 0.0, 1, 
0.0, 0.0, 1, 
0.0, 0.0, 1, 
0.0, 0.0, 1, 
0.0, 0.0, 1, 
0.0, 0.0, 1, 
0.0, 0.0, 1, 
0.0, 0.0, 1, 
0.0, 0.0, 1, 
0.0, 0.0, 1, 
0.0, 0.0, 1, 
0.0, 0.0, 1, 
0.0, 0.0, 1, 
0.0, 0.0, 1, 
0.0, 0.0, 1, 
0.0, 0.0, 1, 
0.0, 0.0, 1, 
0.0, 0.0, 1, 
0.0, 0.0, 1, 
0.0, 0.0, 1, 
0.0, 0.0, 1, 
0.0, 0.0, 1, 
0.0, 0.0, 1, 
0.0, 0.0, 1, 
0.0, 0.0, 1, 
0.0, 0.0, 1, 
0.0, 0.0, 1, 
0.0, 0.0, 1, 
0.0, 0.0, 1, 
0.0, 0.0, 1, 
0.0, 0.0, 1, 
0.0, 0.0, 1, 
0.0, 0.0, 1, 
0.0, 0.0, 1, 
0.0, 0.0, 1, 
0.0, 0.0, 1, 
0.0, 0.0, 1, 
0.0, 0.0, 1, 
0.0, 0.0, 1, 
0.0, 0.0, 1, 
0.0, 0.0, 1, 
0.0, 0.0, 1, 
0.0, 0.0, 1, 
0.0, 0.0, 1, 
0.0, 0.0, 1, 
0.0, 0.0, 1, 
0.0, 0.0, 1, 
0.0, 0.0, 1, 
0.0, 0.0, 1, 
0.0, 0.0, 1, 
0.0, 0.0, 1, 
0.0, 0.0, 1, 
0.0, 0.0, 1, 
0.0, 0.0, 1, 
0.0, 0.0, 1, 
0.0, 0.0, 1, 
0.0, 0.0, 1, 
0.0, 0.0, 1, 
0.0, 0.0, 1, 
0.0, 0.0, 1, 
0.0, 0.0, 1, 
0.0, 0.0, 1, 
0.0, 0.0, 1, 
0.0, 0.0, 1, 
0.0, 0.0, 1, 
0.0, 0.0, 1, 
0.0, 0.0, 1, 
0.0, 0.0, 1, 
0.0, 0.0, 1, 
0.0, 0.0, 1, 
0.0, 0.0, 1, 
0.0, 0.0, 1, 
0.0, 0.0, 1, 
0.0, 0.0, 1, 
0.0, 0.0, 1, 
0.0, 0.0, 1, 
0.0, 0.0, 1, 
0.0, 0.0, 1, 
0.0, 0.0, 1, 
0.0, 0.0, 1, 
0.0, 0.0, 1, 
0.0, 0.0, 1, 
0.0, 0.0, 1, 
0.0, 0.0, 1, 
0.0, 0.0, 1, 
0.0, 0.0, 1, 
0.0, 0.0, 1, 
0.0, 0.0, 1, 
0.0, 0.0, 1, 
0.0, 0.0, 1, 
0.0, 0.0, 1, 
0.0, 0.0, 1, 
0.0, 0.0, 1, 
0.0, 0.0, 1, 
0.0, 0.0, 1, 
0.0, 0.0, 1, 
0.0, 0.0, 1, 
0.0, 0.0, 1, 
0.0, 0.0, 1, 
0.0, 0.0, 1, 
0.0, 0.0, 1, 
0.0, 0.0, 1, 
0.0, 0.0, 1, 
0.0, 0.0, 1, 
0.0, 0.0, 1, 
0.0, 0.0, 1, 
0.0, 0.0, 1, 
0.0, 0.0, 1, 
0.0, 0.0, 1, 
0.980053, 0.198738, 0.0, 
0.945728, 0.32496, 0.0, 
0.980053, 0.198738, 0.0, 
0.980053, 0.198738, 0.0, 
0.945728, 0.32496, 0.0, 
0.945728, 0.32496, 0.0, 
0.0, 0.0, -1, 
0.0, 0.0, -1, 
0.0, 0.0, -1, 
0.0, 0.0, -1, 
0.0, 0.0, -1, 
0.0, 0.0, -1, 
0.0, 0.0, -1, 
0.0, 0.0, -1, 
0.0, 0.0, -1, 
0.0, 0.0, -1, 
0.0, 0.0, -1, 
0.0, 0.0, -1, 
0.0, -1, 0.0, 
0.0, -1, 0.0, 
0.0, -1, 0.0, 
0.0, -1, 0.0, 
0.0, -1, 0.0, 
0.0, -1, 0.0, 
1, 0.0, 0.0, 
1, 0.0, 0.0, 
1, 0.0, 0.0, 
1, 0.0, 0.0, 
1, 0.0, 0.0, 
1, 0.0, 0.0, 
1, 0.0, 0.0, 
1, 0.0, 0.0, 
1, 0.0, 0.0, 
0.0, 0.118063, 0.993006, 
0.0, -0.142968, 0.989727, 
0.0, 0.118063, 0.993006, 
0.0, 0.118063, 0.993006, 
0.0, -0.142968, 0.989727, 
0.0, -0.142968, 0.989727, 
0.0, -0.142968, 0.989727, 
0.0, -0.394257, 0.919, 
0.0, -0.142968, 0.989727, 
0.0, -0.142968, 0.989727, 
0.0, -0.394257, 0.919, 
0.0, -0.394257, 0.919, 
1, 0.0, 0.0, 
1, 0.0, 0.0, 
1, 0.0, 0.0, 
1, 0.0, 0.0, 
1, 0.0, 0.0, 
1, 0.0, 0.0, 
1, 0.0, 0.0, 
1, 0.0, 0.0, 
1, 0.0, 0.0, 
1, 0.0, 0.0, 
1, 0.0, 0.0, 
1, 0.0, 0.0, 
1, 0.0, 0.0, 
1, 0.0, 0.0, 
1, 0.0, 0.0, 
1, 0.0, 0.0, 
1, 0.0, 0.0, 
1, 0.0, 0.0, 
1, 0.0, 0.0, 
1, 0.0, 0.0, 
1, 0.0, 0.0, 
1, 0.0, 0.0, 
1, 0.0, 0.0, 
1, 0.0, 0.0, 
1, 0.0, 0.0, 
1, 0.0, 0.0, 
1, 0.0, 0.0, 
1, 0.0, 0.0, 
1, 0.0, 0.0, 
1, 0.0, 0.0, 
1, 0.0, 0.0, 
1, 0.0, 0.0, 
1, 0.0, 0.0, 
1, 0.0, 0.0, 
1, 0.0, 0.0, 
1, 0.0, 0.0, 
1, 0.0, 0.0, 
1, 0.0, 0.0, 
1, 0.0, 0.0, 
1, 0.0, 0.0, 
1, 0.0, 0.0, 
1, 0.0, 0.0, 
1, 0.0, 0.0, 
1, 0.0, 0.0, 
1, 0.0, 0.0, 
1, 0.0, 0.0, 
1, 0.0, 0.0, 
1, 0.0, 0.0, 
1, 0.0, 0.0, 
1, 0.0, 0.0, 
1, 0.0, 0.0, 
1, 0.0, 0.0, 
1, 0.0, 0.0, 
1, 0.0, 0.0, 
1, 0.0, 0.0, 
1, 0.0, 0.0, 
1, 0.0, 0.0, 
1, 0.0, 0.0, 
1, 0.0, 0.0, 
1, 0.0, 0.0, 
1, 0.0, 0.0, 
1, 0.0, 0.0, 
1, 0.0, 0.0, 
1, 0.0, 0.0, 
1, 0.0, 0.0, 
1, 0.0, 0.0, 
1, 0.0, 0.0, 
1, 0.0, 0.0, 
1, 0.0, 0.0, 
1, 0.0, 0.0, 
1, 0.0, 0.0, 
1, 0.0, 0.0, 
1, 0.0, 0.0, 
1, 0.0, 0.0, 
1, 0.0, 0.0, 
0.0, 1, 0.0, 
0.0, 1, 0.0, 
0.0, 1, 0.0, 
0.0, 1, 0.0, 
0.0, 1, 0.0, 
0.0, 1, 0.0, 
0.0, 0.0, -1, 
0.0, 0.0, -1, 
0.0, 0.0, -1, 
0.0, 0.0, -1, 
0.0, 0.0, -1, 
0.0, 0.0, -1, 
0.0, 0.0, -1, 
0.0, 0.0, -1, 
0.0, 0.0, -1, 
0.0, 0.0, -1, 
0.0, 0.0, -1, 
0.0, 0.0, -1, 
0.0, 0.0, -1, 
0.0, 0.0, -1, 
0.0, 0.0, -1, 
0.0, 0.0, -1, 
0.0, 0.0, -1, 
0.0, 0.0, -1, 
0.0, 0.0, -1, 
0.0, 0.0, -1, 
0.0, 0.0, -1, 
0.0, 0.0, -1, 
0.0, 0.0, -1, 
0.0, 0.0, -1, 
0.0, 0.0, -1, 
0.0, 0.0, -1, 
0.0, 0.0, -1, 
0.0, 0.0, -1, 
0.0, 0.0, -1, 
0.0, 0.0, -1, 
0.0, 0.0, -1, 
0.0, 0.0, -1, 
0.0, 0.0, -1, 
0.0, 0.0, -1, 
0.0, 0.0, -1, 
0.0, 0.0, -1, 
0.0, 0.0, -1, 
0.0, 0.0, -1, 
0.0, 0.0, -1, 
0.0, 0.0, -1, 
0.0, 0.0, -1, 
0.0, 0.0, -1, 
0.0, 0.0, -1, 
0.0, 0.0, -1, 
0.0, 0.0, -1, 
0.0, 0.0, -1, 
0.0, 0.0, -1, 
0.0, 0.0, -1, 
0.0, 0.0, -1, 
0.0, 0.0, -1, 
0.0, 0.0, -1, 
0.0, 0.0, -1, 
0.0, 0.0, -1, 
0.0, 0.0, -1, 
0.0, 0.0, -1, 
0.0, 0.0, -1, 
0.0, 0.0, -1, 
0.895221, 0.445622, 0.0, 
0.749382, 0.662138, 0.0, 
0.895221, 0.445622, 0.0, 
0.895221, 0.445622, 0.0, 
0.749382, 0.662138, 0.0, 
0.749382, 0.662138, 0.0, 
0.0, 0.0, 1, 
0.0, 0.0, 1, 
0.0, 0.0, 1, 
0.0, 0.0, 1, 
0.0, 0.0, 1, 
0.0, 0.0, 1, 
0.0, 0.0, 1, 
0.0, 0.0, 1, 
0.0, 0.0, 1, 
0.0, 0.0, 1, 
0.0, 0.0, 1, 
0.0, 0.0, 1, 
0.0, 0.0, 1, 
0.0, 0.0, 1, 
0.0, 0.0, 1, 
0.0, 0.0, 1, 
0.0, 0.0, 1, 
0.0, 0.0, 1, 
0.0, 0.0, 1, 
0.0, 0.0, 1, 
0.0, 0.0, 1, 
0.0, 0.0, 1, 
0.0, 0.0, 1, 
0.0, 0.0, 1, 
0.0, 0.0, 1, 
0.0, 0.0, 1, 
0.0, 0.0, 1, 
0.0, 0.0, 1, 
0.0, 0.0, 1, 
0.0, 0.0, 1, 
0.0, 0.0, 1, 
0.0, 0.0, 1, 
0.0, 0.0, 1, 
0.0, 0.0, 1, 
0.0, 0.0, 1, 
0.0, 0.0, 1, 
0.0, 0.0, 1, 
0.0, 0.0, 1, 
0.0, 0.0, 1, 
0.0, 0.0, 1, 
0.0, 0.0, 1, 
0.0, 0.0, 1, 
0.0, 0.0, 1, 
0.0, 0.0, 1, 
0.0, 0.0, 1, 
0.0, 0.0, 1, 
0.0, 0.0, 1, 
0.0, 0.0, 1, 
0.0, 0.0, 1, 
0.0, 0.0, 1, 
0.0, 0.0, 1, 
0.0, 0.0, 1, 
0.0, 0.0, 1, 
0.0, 0.0, 1, 
0.0, 0.0, 1, 
0.0, 0.0, 1, 
0.0, 0.0, 1, 
0.0, 0.0, 1, 
0.0, 0.0, 1, 
0.0, 0.0, 1, 
0.0, 0.0, 1, 
0.0, 0.0, 1, 
0.0, 0.0, 1, 
0.0, 0.0, 1, 
0.0, 0.0, 1, 
0.0, 0.0, 1, 
0.0, 0.0, 1, 
0.0, 0.0, 1, 
0.0, 0.0, 1, 
0.0, 0.0, 1, 
0.0, 0.0, 1, 
0.0, 0.0, 1, 
0.0, 0.0, 1, 
0.0, 0.0, 1, 
0.0, 0.0, 1, 
0.0, 0.0, 1, 
0.0, 0.0, 1, 
0.0, 0.0, 1, 
0.0, 0.0, 1, 
0.0, 0.0, 1, 
0.0, 0.0, 1, 
0.0, 0.0, 1, 
0.0, 0.0, 1, 
0.0, 0.0, 1, 
0.0, 0.0, 1, 
0.0, 0.0, 1, 
0.0, 0.0, 1, 
-0.662138, 0.749382, 0.0, 
-0.754287, 0.656544, 0.0, 
-0.662138, 0.749382, 0.0, 
-0.662138, 0.749382, 0.0, 
-0.754287, 0.656544, 0.0, 
-0.754287, 0.656544, 0.0, 
-0.754287, 0.656544, 0.0, 
-0.833531, 0.552473, 0.0, 
-0.754287, 0.656544, 0.0, 
-0.754287, 0.656544, 0.0, 
-0.833531, 0.552473, 0.0, 
-0.833531, 0.552473, 0.0, 
-0.833531, 0.552473, 0.0, 
-0.948119, 0.317915, 0.0, 
-0.833531, 0.552473, 0.0, 
-0.833531, 0.552473, 0.0, 
-0.948119, 0.317915, 0.0, 
-0.948119, 0.317915, 0.0, 
-0.948119, 0.317915, 0.0, 
-0.998095, 0.061691, 0.0, 
-0.948119, 0.317915, 0.0, 
-0.948119, 0.317915, 0.0, 
-0.998095, 0.061691, 0.0, 
-0.998095, 0.061691, 0.0, 
-0.998095, 0.061691, 0.0, 
-0.980053, -0.198738, 0.0, 
-0.998095, 0.061691, 0.0, 
-0.998095, 0.061691, 0.0, 
-0.980053, -0.198738, 0.0, 
-0.980053, -0.198738, 0.0, 
-0.980053, -0.198738, 0.0, 
-0.895221, -0.445622, 0.0, 
-0.980053, -0.198738, 0.0, 
-0.980053, -0.198738, 0.0, 
-0.895221, -0.445622, 0.0, 
-0.895221, -0.445622, 0.0, 
-0.895221, -0.445622, 0.0, 
-0.749382, -0.662138, 0.0, 
-0.895221, -0.445622, 0.0, 
-0.895221, -0.445622, 0.0, 
-0.749382, -0.662138, 0.0, 
-0.749382, -0.662138, 0.0, 
-0.749382, -0.662138, 0.0, 
-0.552473, -0.833531, 0.0, 
-0.749382, -0.662138, 0.0, 
-0.749382, -0.662138, 0.0, 
-0.552473, -0.833531, 0.0, 
-0.552473, -0.833531, 0.0, 
-0.552473, -0.833531, 0.0, 
-0.317915, -0.948119, 0.0, 
-0.552473, -0.833531, 0.0, 
-0.552473, -0.833531, 0.0, 
-0.317915, -0.948119, 0.0, 
-0.317915, -0.948119, 0.0, 
-0.317915, -0.948119, 0.0, 
-0.061691, -0.998095, 0.0, 
-0.317915, -0.948119, 0.0, 
-0.317915, -0.948119, 0.0, 
-0.061691, -0.998095, 0.0, 
-0.061691, -0.998095, 0.0, 
-0.061691, -0.998095, 0.0, 
0.198738, -0.980053, 0.0, 
-0.061691, -0.998095, 0.0, 
-0.061691, -0.998095, 0.0, 
0.198738, -0.980053, 0.0, 
0.198738, -0.980053, 0.0, 
0.198738, -0.980053, 0.0, 
0.445622, -0.895221, 0.0, 
0.198738, -0.980053, 0.0, 
0.198738, -0.980053, 0.0, 
0.445622, -0.895221, 0.0, 
0.445622, -0.895221, 0.0, 
0.445622, -0.895221, 0.0, 
0.662138, -0.749382, 0.0, 
0.445622, -0.895221, 0.0, 
0.445622, -0.895221, 0.0, 
0.662138, -0.749382, 0.0, 
0.662138, -0.749382, 0.0, 
0.662138, -0.749382, 0.0, 
0.833531, -0.552473, 0.0, 
0.662138, -0.749382, 0.0, 
0.662138, -0.749382, 0.0, 
0.833531, -0.552473, 0.0, 
0.833531, -0.552473, 0.0, 
0.833531, -0.552473, 0.0, 
0.948119, -0.317915, 0.0, 
0.833531, -0.552473, 0.0, 
0.833531, -0.552473, 0.0, 
0.948119, -0.317915, 0.0, 
0.948119, -0.317915, 0.0, 
0.948119, -0.317915, 0.0, 
0.998095, -0.061691, 0.0, 
0.948119, -0.317915, 0.0, 
0.948119, -0.317915, 0.0, 
0.998095, -0.061691, 0.0, 
0.998095, -0.061691, 0.0, 
0.998095, -0.061691, 0.0, 
0.980053, 0.198738, 0.0, 
0.998095, -0.061691, 0.0, 
0.998095, -0.061691, 0.0, 
0.980053, 0.198738, 0.0, 
0.980053, 0.198738, 0.0, 
0.0, 0.0, -1, 
0.0, 0.0, -1, 
0.0, 0.0, -1, 
0.0, 0.0, -1, 
0.0, 0.0, -1, 
0.0, 0.0, -1, 
0.0, 0.0, -1, 
0.0, 0.0, -1, 
0.0, 0.0, -1, 
0.0, 0.0, -1, 
0.0, 0.0, -1, 
0.0, 0.0, -1, 
0.0, 0.0, -1, 
0.0, 0.0, -1, 
0.0, 0.0, -1, 
0.0, 0.0, -1, 
0.0, 0.0, -1, 
0.0, 0.0, -1, 
0.0, 0.0, -1, 
0.0, 0.0, -1, 
0.0, 0.0, -1, 
-0.445622, 0.895221, 0.0, 
-0.662138, 0.749382, 0.0, 
-0.445622, 0.895221, 0.0, 
-0.445622, 0.895221, 0.0, 
-0.662138, 0.749382, 0.0, 
-0.662138, 0.749382, 0.0, 
-0.198738, 0.980053, 0.0, 
-0.445622, 0.895221, 0.0, 
-0.198738, 0.980053, 0.0, 
-0.198738, 0.980053, 0.0, 
-0.445622, 0.895221, 0.0, 
-0.445622, 0.895221, 0.0, 
0.061691, 0.998095, 0.0, 
-0.198738, 0.980053, 0.0, 
0.061691, 0.998095, 0.0, 
0.061691, 0.998095, 0.0, 
-0.198738, 0.980053, 0.0, 
-0.198738, 0.980053, 0.0, 
0.317915, 0.948119, 0.0, 
0.061691, 0.998095, 0.0, 
0.317915, 0.948119, 0.0, 
0.317915, 0.948119, 0.0, 
0.061691, 0.998095, 0.0, 
0.061691, 0.998095, 0.0, 
0.552473, 0.833531, 0.0, 
0.317915, 0.948119, 0.0, 
0.552473, 0.833531, 0.0, 
0.552473, 0.833531, 0.0, 
0.317915, 0.948119, 0.0, 
0.317915, 0.948119, 0.0, 
0.749382, 0.662138, 0.0, 
0.552473, 0.833531, 0.0, 
0.749382, 0.662138, 0.0, 
0.749382, 0.662138, 0.0, 
0.552473, 0.833531, 0.0, 
0.552473, 0.833531, 0.0, 
-1, 0.0, 0.0, 
-1, 0.0, 0.0, 
-1, 0.0, 0.0, 
-1, 0.0, 0.0, 
-1, 0.0, 0.0, 
-1, 0.0, 0.0, 
0.0, 0.371049, 0.928613, 
0.0, 0.118063, 0.993006, 
0.0, 0.371049, 0.928613, 
0.0, 0.371049, 0.928613, 
0.0, 0.118063, 0.993006, 
0.0, 0.118063, 0.993006, 
1, 0.0, 0.0, 
1, 0.0, 0.0, 
1, 0.0, 0.0, 
1, 0.0, 0.0, 
1, 0.0, 0.0, 
1, 0.0, 0.0, 
1, 0.0, 0.0, 
1, 0.0, 0.0, 
1, 0.0, 0.0, 
1, 0.0, 0.0, 
1, 0.0, 0.0, 
1, 0.0, 0.0, 
1, 0.0, 0.0, 
1, 0.0, 0.0, 
1, 0.0, 0.0, 
1, 0.0, 0.0, 
1, 0.0, 0.0, 
1, 0.0, 0.0, 
1, 0.0, 0.0, 
1, 0.0, 0.0, 
1, 0.0, 0.0, 
1, 0.0, 0.0, 
1, 0.0, 0.0, 
1, 0.0, 0.0, 
1, 0.0, 0.0, 
1, 0.0, 0.0, 
1, 0.0, 0.0, 
1, 0.0, 0.0, 
1, 0.0, 0.0, 
1, 0.0, 0.0, 
1, 0.0, 0.0, 
1, 0.0, 0.0, 
1, 0.0, 0.0, 
1, 0.0, 0.0, 
1, 0.0, 0.0, 
1, 0.0, 0.0, 
1, 0.0, 0.0, 
1, 0.0, 0.0, 
1, 0.0, 0.0, 
1, 0.0, 0.0, 
1, 0.0, 0.0, 
1, 0.0, 0.0, 
1, 0.0, 0.0, 
1, 0.0, 0.0, 
1, 0.0, 0.0, 
1, 0.0, 0.0, 
1, 0.0, 0.0, 
1, 0.0, 0.0, 
1, 0.0, 0.0, 
1, 0.0, 0.0, 
1, 0.0, 0.0, 
1, 0.0, 0.0, 
1, 0.0, 0.0, 
1, 0.0, 0.0, 
1, 0.0, 0.0, 
1, 0.0, 0.0, 
1, 0.0, 0.0, 
1, 0.0, 0.0, 
1, 0.0, 0.0, 
1, 0.0, 0.0, 
1, 0.0, 0.0, 
1, 0.0, 0.0, 
1, 0.0, 0.0, 
1, 0.0, 0.0, 
1, 0.0, 0.0, 
1, 0.0, 0.0, 
0.0, 0.989727, 0.142968, 
0.0, 0.919, 0.394257, 
0.0, 0.989727, 0.142968, 
0.0, 0.989727, 0.142968, 
0.0, 0.919, 0.394257, 
0.0, 0.919, 0.394257, 
0.0, 0.919, 0.394257, 
0.0, 0.785645, 0.618678, 
0.0, 0.919, 0.394257, 
0.0, 0.919, 0.394257, 
0.0, 0.785645, 0.618678, 
0.0, 0.785645, 0.618678, 
0.0, 0.785645, 0.618678, 
0.0, 0.598749, 0.800937, 
0.0, 0.785645, 0.618678, 
0.0, 0.785645, 0.618678, 
0.0, 0.598749, 0.800937, 
0.0, 0.598749, 0.800937, 
0.0, 0.598749, 0.800937, 
0.0, 0.371049, 0.928613, 
0.0, 0.598749, 0.800937, 
0.0, 0.598749, 0.800937, 
0.0, 0.371049, 0.928613, 
0.0, 0.371049, 0.928613, 
0.0, 0.993006, -0.118063, 
0.0, 0.989727, 0.142968, 
0.0, 0.993006, -0.118063, 
0.0, 0.993006, -0.118063, 
0.0, 0.989727, 0.142968, 
0.0, 0.989727, 0.142968, 
0.0, 0.928613, -0.371049, 
0.0, 0.993006, -0.118063, 
0.0, 0.928613, -0.371049, 
0.0, 0.928613, -0.371049, 
0.0, 0.993006, -0.118063, 
0.0, 0.993006, -0.118063, 
0.0, 0.800937, -0.598749, 
0.0, 0.928613, -0.371049, 
0.0, 0.800937, -0.598749, 
0.0, 0.800937, -0.598749, 
0.0, 0.928613, -0.371049, 
0.0, 0.928613, -0.371049, 
0.0, 0.618678, -0.785645, 
0.0, 0.800937, -0.598749, 
0.0, 0.618678, -0.785645, 
0.0, 0.618678, -0.785645, 
0.0, 0.800937, -0.598749, 
0.0, 0.800937, -0.598749, 
0.0, 0.394257, -0.919, 
0.0, 0.618678, -0.785645, 
0.0, 0.394257, -0.919, 
0.0, 0.394257, -0.919, 
0.0, 0.618678, -0.785645, 
0.0, 0.618678, -0.785645, 
0.0, 0.142968, -0.989727, 
0.0, 0.394257, -0.919, 
0.0, 0.142968, -0.989727, 
0.0, 0.142968, -0.989727, 
0.0, 0.394257, -0.919, 
0.0, 0.394257, -0.919, 
0.0, -0.118063, -0.993006, 
0.0, 0.142968, -0.989727, 
0.0, -0.118063, -0.993006, 
0.0, -0.118063, -0.993006, 
0.0, 0.142968, -0.989727, 
0.0, 0.142968, -0.989727, 
0.0, -0.371049, -0.928613, 
0.0, -0.118063, -0.993006, 
0.0, -0.371049, -0.928613, 
0.0, -0.371049, -0.928613, 
0.0, -0.118063, -0.993006, 
0.0, -0.118063, -0.993006, 
0.0, -0.598749, -0.800937, 
0.0, -0.371049, -0.928613, 
0.0, -0.598749, -0.800937, 
0.0, -0.598749, -0.800937, 
0.0, -0.371049, -0.928613, 
0.0, -0.371049, -0.928613, 
0.0, -0.785645, -0.618678, 
0.0, -0.598749, -0.800937, 
0.0, -0.785645, -0.618678, 
0.0, -0.785645, -0.618678, 
0.0, -0.598749, -0.800937, 
0.0, -0.598749, -0.800937, 
0.0, -0.919, -0.394257, 
0.0, -0.785645, -0.618678, 
0.0, -0.919, -0.394257, 
0.0, -0.919, -0.394257, 
0.0, -0.785645, -0.618678, 
0.0, -0.785645, -0.618678, 
0.0, -0.989727, -0.142968, 
0.0, -0.919, -0.394257, 
0.0, -0.989727, -0.142968, 
0.0, -0.989727, -0.142968, 
0.0, -0.919, -0.394257, 
0.0, -0.919, -0.394257, 
0.0, -0.993006, 0.118063, 
0.0, -0.989727, -0.142968, 
0.0, -0.993006, 0.118063, 
0.0, -0.993006, 0.118063, 
0.0, -0.989727, -0.142968, 
0.0, -0.989727, -0.142968, 
0.0, -0.928613, 0.371049, 
0.0, -0.993006, 0.118063, 
0.0, -0.928613, 0.371049, 
0.0, -0.928613, 0.371049, 
0.0, -0.993006, 0.118063, 
0.0, -0.993006, 0.118063, 
0.0, -0.800937, 0.598749, 
0.0, -0.928613, 0.371049, 
0.0, -0.800937, 0.598749, 
0.0, -0.800937, 0.598749, 
0.0, -0.928613, 0.371049, 
0.0, -0.928613, 0.371049, 
0.0, -0.618678, 0.785645, 
0.0, -0.800937, 0.598749, 
0.0, -0.618678, 0.785645, 
0.0, -0.618678, 0.785645, 
0.0, -0.800937, 0.598749, 
0.0, -0.800937, 0.598749, 
0.0, -0.394257, 0.919, 
0.0, -0.618678, 0.785645, 
0.0, -0.394257, 0.919, 
0.0, -0.394257, 0.919, 
0.0, -0.618678, 0.785645, 
0.0, -0.618678, 0.785645, 
